TIME MEM VIRT RES SHR CPU FREE SWAP
0:00.36 0.6 222752 3072 2796 93.8 94.1 820.0

0:00.99 0.9 224072 4392 2796 93.8 93.0 820.0

0:01.56 1.4 226448 6768 2796 99.9 90.0 820.0

0:02.11 2.0 229220 9672 2796 99.9 86.9 820.0

0:02.68 2.7 232916 13368 2796 99.9 83.1 820.0

0:03.24 3.5 236480 16800 2796 94.1 79.9 820.0

0:03.81 4.2 240176 20496 2796 93.8 76.0 820.0

0:04.36 5.0 244136 24456 2796 93.8 72.2 820.0

0:04.92 5.9 248228 28680 2796 99.9 68.2 820.0

0:05.48 6.7 252320 32640 2796 94.1 64.1 820.0

0:06.05 7.6 256544 36864 2796 94.1 60.0 820.0

0:06.63 8.5 260636 41088 2796 93.8 55.9 820.0

0:07.20 9.3 264728 45048 2796 99.9 52.2 820.0

0:07.75 10.1 268556 49008 2796 99.9 48.3 820.0

0:08.30 10.9 272516 52968 2796 93.3 44.5 820.0

0:08.85 11.7 276212 56664 2796 99.9 40.8 820.0

0:09.43 12.5 280172 60624 2796 99.9 36.9 820.0

0:09.99 13.3 284132 64584 2796 99.9 33.0 820.0

0:10.56 14.1 288224 68544 2796 99.9 29.1 820.0

0:11.12 14.9 292052 72504 2796 99.9 25.2 820.0

0:11.68 15.7 296144 76464 2796 99.9 21.3 820.0

0:12.22 16.5 300104 80424 2796 93.8 17.5 820.0

0:12.76 17.4 303932 84384 2796 99.9 13.6 820.0

0:13.31 18.2 308024 88344 2796 93.8 9.7 820.0

0:13.86 19.0 311984 92568 2796 99.9 5.4 819.7

0:14.42 19.9 315944 96528 2796 99.9 6.3 819.7

0:14.96 20.7 319904 100468 2776 93.8 5.7 819.7

0:15.53 21.5 323996 104420 2768 93.8 5.5 819.2

0:16.08 22.2 327824 108116 2768 99.9 5.4 818.2

0:16.63 23.1 331784 112076 2768 99.9 5.5 817.0

0:17.27 24.0 336140 116564 2768 99.9 5.6 817.0

0:17.84 24.8 340364 120788 2768 94.4 5.6 817.0

0:18.41 25.7 344324 124748 2768 93.8 5.4 817.0

0:18.98 26.5 348416 128708 2768 93.3 5.1 817.0

0:19.54 27.3 352376 132668 2768 93.3 5.0 817.0

0:20.11 28.2 356468 136892 2768 94.4 5.5 817.0

0:20.64 28.9 360296 140588 2768 93.8 6.0 817.0

0:21.20 29.7 364256 144548 2768 99.9 5.9 817.0

0:21.76 30.5 368084 148508 2768 93.8 6.0 816.7

0:22.31 31.4 372044 152468 2768 99.9 6.0 816.7

0:22.86 32.2 376004 156428 2768 94.1 5.7 816.7

0:23.42 33.0 379964 160388 2768 94.1 5.6 816.7

0:23.96 33.8 383924 164348 2768 93.8 5.6 816.7

0:24.55 34.7 388016 168572 2768 99.9 5.4 816.5

0:25.11 35.5 392108 172532 2768 93.3 5.4 816.5

0:25.67 36.2 395936 176228 2768 93.3 5.6 816.5

0:26.23 37.1 400028 180452 2768 94.1 5.6 816.2

0:26.80 37.9 404120 184412 2768 99.9 5.4 816.2

0:27.36 38.7 407816 188372 2768 94.4 5.6 816.2

0:27.92 39.5 411776 192068 2768 94.1 6.2 816.2

0:28.48 40.4 415868 196292 2768 99.9 5.8 816.2

0:29.05 41.2 419828 200252 2768 94.1 5.2 816.0

0:29.61 42.0 423788 204212 2768 94.1 5.6 816.0

0:30.15 42.8 427616 207908 2768 93.8 5.8 816.0

0:30.71 43.6 431576 212132 2768 99.9 5.6 815.7

0:31.27 44.4 435536 215828 2768 94.1 5.4 815.2

0:31.81 45.2 439496 219788 2768 93.3 5.6 814.2

0:32.39 46.1 443588 224012 2768 99.9 6.3 813.2

0:32.94 46.7 447548 226888 2764 93.8 5.6 812.7

0:33.49 47.4 451376 230364 2764 99.9 5.9 812.7

0:34.01 48.1 455072 234060 2764 93.8 5.9 812.7

0:34.57 48.9 458636 237756 2764 99.9 5.5 812.7

0:35.13 49.6 462200 241188 2764 99.9 5.4 812.7

0:35.66 50.4 466028 244992 2608 87.5 5.9 812.5

0:36.22 51.1 469724 248680 2600 99.9 5.8 812.0

0:36.78 51.9 473684 252148 2600 93.3 5.5 811.0

0:37.47 52.6 478436 255896 2592 99.9 5.4 809.5

0:38.07 53.2 482528 258816 2580 93.8 5.8 809.2

0:38.65 54.1 486752 263036 2580 94.1 5.9 807.2

0:39.22 54.4 490712 264504 2580 88.9 6.2 805.2

0:39.76 55.0 494540 267204 2580 88.2 6.4 803.5

0:40.64 55.8 500612 271504 2580 93.3 5.6 801.0

0:41.20 56.5 504572 274592 2580 94.1 5.7 796.2

0:41.94 56.7 509720 275432 2580 93.8 5.6 793.0

0:42.53 57.5 513944 279656 2580 99.9 5.9 788.5

0:43.09 57.8 517904 280960 2580 93.3 5.4 785.7

0:43.93 58.4 523580 284132 2580 93.8 5.8 782.2

0:44.47 58.7 527408 285508 2580 93.8 5.3 777.2

0:45.01 59.2 530972 287600 2580 99.9 6.0 773.5

0:45.74 59.7 536120 290392 2580 93.3 5.7 768.2

0:46.61 60.5 542060 293928 2568 99.9 5.8 765.0

0:47.19 60.8 546152 295772 2568 99.9 5.7 763.5

0:47.79 61.6 550508 299448 2568 93.8 6.2 757.7

0:48.45 61.8 555128 300676 2568 93.8 5.4 752.5

0:49.10 62.4 559748 303148 2568 99.9 6.0 749.5

0:49.64 62.8 563444 305424 2568 99.9 5.7 748.0

0:50.22 63.1 567536 306780 2568 99.9 5.8 742.0

0:50.95 63.1 572684 306964 2568 99.9 5.8 734.5

0:51.57 63.6 577040 309180 2568 99.9 5.8 732.5

0:52.13 64.1 581000 311820 2568 93.8 5.9 728.0

0:52.66 64.4 584828 313256 2568 94.4 5.4 725.7

0:53.22 64.9 588788 315300 2568 99.9 6.1 722.2

0:53.81 65.4 592880 317748 2568 93.8 6.0 715.7

0:54.50 65.5 597764 318624 2568 99.9 5.9 712.0

0:55.14 66.2 602120 321900 2564 99.9 5.3 709.7

0:55.70 66.7 605420 324436 2564 99.9 5.5 708.0

0:56.25 67.0 607664 325728 2564 99.9 5.1 707.5

0:56.79 67.3 609776 327232 2564 88.9 5.7 703.5

0:57.78 67.5 615848 328084 2560 94.1 5.5 696.0

0:58.38 67.4 619544 327568 2560 94.1 5.8 688.7

0:59.32 67.4 624824 327556 2552 99.9 6.0 688.2

0:59.85 67.8 626936 329404 2552 93.8 5.4 686.0

1:00.40 68.0 629972 330512 2552 87.5 4.4 683.0

1:00.88 67.5 632480 328300 2552 75.0 6.1 679.7

1:01.42 67.8 635384 329860 2552 88.2 4.3 677.2

1:01.96 68.1 638948 331228 2552 88.2 4.3 666.2

1:03.16 67.2 646472 326784 2544 93.8 5.6 660.7

1:03.74 67.6 650432 328796 2544 93.8 5.0 658.7

1:04.27 67.9 654260 330172 2544 93.8 5.0 654.5

1:04.81 67.9 657560 329948 2544 93.3 5.5 652.2

1:05.36 67.9 659804 330136 2544 93.3 5.8 651.2

1:05.93 68.0 662444 330836 2544 94.1 5.6 647.2

1:06.52 68.0 665348 330840 2544 99.9 5.1 646.0

1:07.06 68.3 667988 332152 2544 94.1 5.1 644.0

1:07.60 68.1 671288 331096 2544 93.8 4.9 637.2

1:08.23 68.0 675512 330708 2544 99.9 5.0 635.0

1:08.75 68.0 678680 330844 2544 87.5 5.3 633.2

1:09.32 68.6 681584 333748 2544 93.8 5.6 628.2

1:10.15 68.7 686468 333960 2544 93.8 5.5 626.0

1:10.74 68.6 690032 333476 2544 87.5 5.7 619.2

1:11.29 68.4 693332 332616 2544 94.1 5.3 617.5

1:11.85 68.6 696368 333632 2544 99.9 5.7 613.2

1:12.39 68.5 699536 332952 2544 88.9 5.9 612.2

1:12.93 68.8 703100 334404 2544 93.8 5.9 608.5

1:13.47 68.6 706532 333732 2544 93.8 5.8 603.7

1:14.08 68.7 710360 334160 2544 99.9 5.6 601.0

1:14.67 68.8 714056 334404 2544 94.4 5.7 597.2

1:15.24 69.0 717884 335544 2544 93.8 5.3 594.0

1:15.79 68.9 720392 334784 2544 99.9 5.9 592.2

1:16.35 69.0 722900 335704 2544 83.3 6.1 589.5

1:16.91 69.0 725672 335636 2544 94.1 6.3 587.2

1:17.44 69.2 728576 336324 2544 93.8 5.9 585.0

1:18.00 69.6 732404 338568 2544 99.9 5.4 580.5

1:18.64 69.5 735968 337736 2544 93.8 5.7 578.0

1:19.20 69.6 738740 338320 2544 93.8 5.7 573.7

1:19.82 69.2 741248 336564 2544 99.9 5.5 570.5

1:20.39 69.2 744152 336588 2544 93.8 5.4 567.5

1:20.93 69.1 746528 335892 2544 94.1 5.9 567.5

1:21.54 69.4 748772 337600 2544 88.9 5.6 564.5

1:22.08 69.5 751280 337668 2544 94.1 5.7 562.2

1:22.63 69.6 753920 338360 2544 93.3 5.7 561.5

1:23.18 69.8 756956 339256 2544 94.1 5.9 555.5

1:24.37 69.6 763028 338344 2540 93.8 5.6 548.0

1:25.04 69.5 766460 337984 2540 88.9 5.1 546.2

1:25.59 69.8 769496 339268 2540 93.8 5.9 543.7

1:26.16 70.0 772532 340152 2540 99.9 5.4 538.2

1:26.76 69.4 775568 337520 2540 87.5 5.6 536.0

1:27.30 69.5 778208 337944 2540 93.8 5.4 534.0

1:27.84 69.7 780980 338848 2540 93.8 5.9 529.7

1:28.39 69.4 784544 337456 2540 99.9 7.0 526.7

1:28.98 69.4 788372 337584 2540 99.9 5.6 524.0

1:29.52 69.6 792200 338308 2540 94.4 6.0 519.7

1:30.14 70.1 796556 340776 2540 99.9 6.4 517.2

1:30.70 70.3 800120 341848 2540 94.1 5.5 513.5

1:31.25 70.3 804080 341764 2540 93.8 6.0 508.0

1:31.82 69.9 807512 339800 2540 94.4 5.4 507.0

1:32.36 70.4 810812 342112 2540 93.8 6.1 503.7

1:32.92 70.4 814376 342348 2540 94.1 5.9 501.5

1:33.44 70.6 817412 343436 2540 88.2 5.7 498.2

1:34.10 70.6 820184 343104 2540 93.8 5.5 497.0

1:34.64 70.8 822956 344384 2540 99.9 5.5 493.2

1:35.23 70.7 826124 343936 2540 88.2 6.3 488.2

1:35.83 70.2 828632 341296 2536 93.8 5.9 486.0

1:36.39 70.3 831008 341724 2536 88.2 7.4 482.5

1:37.00 70.0 833384 340268 2536 94.1 5.6 481.2

1:37.61 70.3 835892 341708 2536 94.1 5.7 479.0

1:38.15 70.2 837872 341204 2536 94.1 5.1 477.2

1:38.72 70.5 841304 342728 2536 99.9 5.7 473.7

1:39.29 70.0 845396 340368 2536 94.1 6.3 470.5

1:39.84 70.6 849092 343172 2536 94.1 5.6 466.5

1:40.45 70.8 853316 344448 2536 88.2 5.6 463.2

1:41.05 70.8 857540 344432 2536 99.9 5.6 460.0

1:41.60 71.1 861236 345580 2536 93.8 6.1 453.7

1:42.20 69.5 865460 337976 2532 83.3 5.9 448.0

1:42.77 70.3 869420 341936 2532 93.8 5.3 446.0

1:43.33 70.5 873248 342904 2532 99.9 5.9 442.5

1:43.90 70.8 877208 344292 2532 99.9 5.8 440.5

1:44.46 71.2 881168 346340 2532 88.9 5.8 434.0

1:45.13 70.5 885788 342856 2532 99.9 5.6 430.0

1:45.66 70.7 889484 343716 2532 93.8 5.6 426.5

1:46.22 70.8 893444 344148 2532 93.8 5.8 423.2

1:46.78 70.9 897404 344816 2532 93.8 5.9 417.2

1:47.34 70.4 901232 342460 2532 93.8 5.6 414.2

1:47.88 70.6 905060 343352 2532 99.9 6.0 410.2

1:48.49 70.7 909416 343640 2532 94.4 5.3 406.0

1:49.08 70.6 913508 343432 2532 99.9 6.0 402.0

1:49.61 70.6 917336 343372 2532 93.8 6.2 399.7

1:50.17 70.9 921296 344956 2532 93.8 5.6 397.5

1:50.70 70.9 925124 344696 2532 87.5 5.4 390.0

1:51.33 70.7 929612 343620 2532 99.9 5.7 389.7

1:51.89 71.1 933440 345648 2532 94.1 6.0 377.7

1:52.50 69.8 937664 339204 2532 93.8 5.6 377.7

1:53.04 70.5 941228 342900 2532 93.8 5.2 369.0

1:53.59 69.5 945188 338128 2532 99.9 5.3 369.0

1:54.15 70.3 949016 341824 2532 99.9 5.4 368.2

1:54.70 70.7 951656 343588 2532 93.8 5.7 366.0

1:55.24 70.9 954956 344708 2532 99.9 5.6 357.0

1:55.98 70.1 960104 340680 2532 99.9 6.7 357.0

1:56.53 70.7 963008 343584 2532 93.8 5.8 354.5

1:57.08 70.8 966176 344340 2532 99.9 5.7 349.0

1:57.75 70.6 970928 343408 2532 99.9 4.4 347.0

1:58.28 70.5 973832 342904 2532 94.1 4.9 344.2

1:58.82 70.7 977264 343952 2532 99.9 4.5 339.7

1:59.34 70.5 980828 342752 2532 99.9 6.1 336.0

1:59.89 70.7 984392 343928 2532 93.8 5.3 332.2

2:00.43 70.6 987560 343048 2532 93.3 5.6 331.5

2:00.97 71.0 990464 345308 2532 93.8 7.6 327.5

2:01.54 70.8 993500 344384 2532 99.9 4.9 326.7

2:02.10 71.2 996008 346240 2532 93.8 5.4 324.2

2:02.65 71.2 998912 346152 2532 94.1 5.5 321.2

2:03.20 71.3 1001816 346492 2532 93.3 5.4 316.0

2:03.75 70.4 1004984 342100 2532 87.5 5.2 313.0

2:04.35 70.7 1007756 343892 2532 88.2 4.9 309.7

2:04.95 70.9 1011716 344748 2532 99.9 6.2 306.5

2:05.50 70.8 1015280 343984 2532 88.9 5.8 304.5

2:06.04 71.1 1018052 345732 2532 94.1 5.2 302.7

2:06.59 71.2 1020428 346232 2532 93.8 5.3 301.2

2:07.11 71.0 1023068 345408 2532 83.3 5.7 297.0

2:07.67 71.4 1026896 346912 2532 94.1 5.5 292.7

2:08.30 71.4 1031384 347032 2532 93.8 5.6 286.5

2:08.93 71.0 1035608 345128 2528 99.9 5.5 282.0

2:09.46 70.8 1039304 344168 2528 99.9 5.4 279.7

2:10.01 70.8 1043132 344020 2528 94.1 5.6 276.0

2:10.58 71.1 1047092 345820 2528 94.1 6.1 274.7

2:11.16 71.2 1051052 346128 2528 93.8 6.4 269.7

2:11.78 71.0 1055408 345096 2528 93.8 5.6 263.5

2:12.33 71.0 1059368 345308 2528 99.9 5.3 258.2

2:12.98 70.9 1063988 344912 2528 99.9 5.8 255.7

2:13.56 71.2 1068080 346224 2528 99.9 5.4 252.2

2:14.10 71.3 1072040 346636 2528 94.1 5.6 249.2

2:14.72 71.5 1076264 347756 2528 99.9 6.6 235.7

2:15.97 70.5 1084580 342800 2528 93.8 5.6 233.7

2:16.60 70.9 1088936 344512 2528 99.9 5.4 228.2

2:17.24 70.7 1093292 343872 2528 94.1 5.5 225.0

2:17.84 70.4 1097252 342436 2528 88.2 6.8 219.5

2:18.42 70.5 1101212 342740 2528 99.9 5.7 215.7

2:19.02 70.5 1105172 342964 2528 99.9 5.5 212.2

2:19.56 70.5 1108868 342920 2528 93.3 6.4 211.0

2:20.11 70.9 1112432 344836 2528 99.9 5.0 207.7

2:20.68 71.2 1116524 346056 2528 99.9 5.9 205.5

2:21.19 71.4 1120088 347264 2528 87.5 5.9 202.0

2:21.76 71.6 1124048 347928 2528 94.1 8.3 196.5

2:22.38 71.3 1128536 346480 2528 94.1 6.5 192.7

2:22.99 71.4 1132760 347040 2528 99.9 5.5 186.2

2:23.56 70.8 1136720 344396 2528 99.9 5.7 183.0

2:24.14 71.0 1140548 345052 2528 99.9 5.6 181.7

2:24.69 71.5 1144376 347492 2528 99.9 5.5 179.0

2:25.22 71.7 1148336 348612 2528 93.8 5.9 176.5

2:25.78 71.6 1152164 348232 2528 99.9 5.9 168.5

2:26.49 71.3 1157180 346836 2528 93.8 5.2 163.7

2:27.06 71.2 1161140 345976 2528 94.1 5.4 161.5

2:27.62 71.2 1165100 346388 2528 93.8 5.5 157.7

2:28.20 71.5 1169192 347740 2528 99.9 5.7 155.0

2:28.76 71.7 1172888 348696 2528 94.1 5.5 151.0

2:29.31 71.3 1176848 346744 2528 93.8 6.0 148.0

2:29.85 71.5 1180676 347656 2528 93.3 5.8 142.5

2:30.55 71.7 1185560 348480 2528 94.1 5.3 136.7

2:31.11 71.4 1189652 347008 2528 99.9 5.4 132.7

2:31.69 71.4 1193744 347064 2528 99.9 5.5 123.5

2:32.23 70.2 1197440 341104 2528 99.9 5.6 123.5

2:32.81 71.0 1201664 345328 2528 99.9 5.8 123.5

2:33.36 71.8 1205492 349288 2528 94.1 6.1 118.0

2:33.92 71.5 1209452 347588 2528 99.9 5.1 112.2

2:34.67 71.3 1214732 346892 2524 88.9 5.6 106.0

2:35.22 70.9 1218692 344756 2524 93.3 5.6 104.2

2:35.76 71.3 1222520 346588 2524 99.9 5.5 101.2

2:36.30 71.2 1226348 346036 2524 87.5 6.5 98.2

2:36.86 71.4 1230308 347236 2524 94.1 5.7 92.7

2:37.44 71.3 1234400 346664 2524 94.4 5.7 90.2

2:37.99 71.3 1238228 346536 2524 94.4 6.1 83.5

2:38.71 71.2 1243244 346176 2524 93.8 5.6 80.7

2:39.28 71.5 1247336 347468 2524 99.9 5.9 78.0

2:39.83 71.7 1251296 348592 2524 99.9 6.1 75.0

2:40.38 71.9 1255256 349432 2524 94.1 5.9 72.2

2:40.93 72.1 1259216 350704 2524 99.9 5.5 70.0

2:41.50 72.3 1263176 351556 2524 99.9 5.5 52.5

2:43.87 70.9 1279808 344472 2020 95.5 7.3 23.0

2:45.87 68.9 1293272 335108 1884 99.9 6.1 18.7

2:46.43 68.9 1297100 334784 1884 99.9 7.4 18.7

2:46.98 69.7 1301060 338744 1884 93.8 7.3 16.0

2:47.53 69.9 1305020 340048 1884 99.9 5.8 12.0

2:48.07 69.9 1308716 339660 1884 99.9 5.3 11.5

2:48.62 70.4 1312676 342368 1884 94.4 7.6 7.5

2:49.18 70.4 1316636 342132 1884 93.8 4.8 0.4

2:49.96 70.1 1322048 341060 1884 87.5 7.9 0.0

2:51.25 71.8 1331024 349200 1844 88.9 334.6 743.0

      328.2 743.0

      328.1 743.0

      328.1 743.0

      328.0 743.0

      328.0 743.0

      328.0 743.0

      328.1 743.0

      328.0 743.0

      328.1 743.0

      328.0 743.0

      328.0 743.0

      327.8 743.0

      327.8 743.0

      327.9 743.0

      327.8 743.0

      327.9 743.0

      327.8 743.0

      327.8 743.0

      327.8 743.0

      327.8 743.0

      327.9 743.0

      327.8 743.0

      327.7 743.0

      327.7 743.0

      327.7 743.0

      327.7 743.0

      327.7 743.0

      327.7 743.0

      327.7 743.0

      327.8 743.0

      327.7 743.0

      327.8 743.0

      327.7 743.0

      327.7 743.0

      327.7 743.0

      327.7 743.0

      327.7 743.0

      327.7 743.0

      327.7 743.0

      327.7 743.0

      327.7 743.0

      327.6 743.0

      327.7 743.0

      327.6 743.0

      327.7 743.0

      327.7 743.0

      327.6 743.0

      327.7 743.0

      327.7 743.0

      327.7 743.0

      327.6 743.0

      327.6 743.0

      327.6 743.0

      327.6 743.0

      327.6 743.0

      327.6 743.0

      327.6 743.0

      327.6 743.0

      327.6 743.0

      327.6 743.0

      327.6 743.0

      327.6 743.0

      327.6 743.0

      327.6 743.0

