TIME MEM VIRT RES SHR CPU FREE SWAP
0:00.08 0.8 223016 3820 3032 43.8 249.3 745.0

0:00.57 1.5 226448 7252 3032 47.4 245.7 745.0

0:00.90 1.9 228692 9364 3032 47.1 241.1 745.0

0:01.21 2.4 230936 11740 3032 47.1 237.4 745.1

0:01.53 2.8 233048 13588 3032 53.3 231.5 745.1

0:01.85 3.3 235292 15964 3032 47.1 227.1 745.1

0:02.15 3.7 237272 18076 3032 53.3 222.9 745.1

0:02.46 4.2 239516 20188 3032 50.0 218.6 745.1

0:02.77 4.6 241628 22300 3032 43.8 214.4 745.1

0:03.09 5.0 243872 24412 3032 50.0 209.9 745.1

0:03.39 5.5 245984 26524 3032 40.0 205.6 745.1

0:03.70 5.9 248096 28900 3032 43.8 201.3 745.1

0:04.02 6.4 250340 31012 3032 44.4 196.9 745.1

0:04.33 6.9 252584 33388 3032 47.4 192.4 745.1

0:04.65 7.3 254828 35500 3032 43.8 188.1 745.1

0:04.97 7.7 256940 37612 3032 43.8 183.6 745.1

0:05.27 8.2 259184 39724 3032 46.7 179.2 745.1

0:05.59 8.7 261296 42100 3032 44.4 173.9 745.1

0:05.91 9.1 263540 44212 3032 43.8 169.5 745.1

0:06.24 9.6 265916 46588 3032 50.0 164.9 745.1

0:06.55 10.0 268028 48700 3032 46.7 160.7 745.1

0:06.85 10.5 270140 50812 3032 44.4 156.3 745.1

0:07.16 10.9 272384 52924 3032 50.0 152.0 745.1

0:07.45 11.3 274496 55036 3032 46.7 147.7 745.1

0:07.77 11.8 276740 57412 3032 44.4 143.2 745.1

0:08.08 12.2 278984 59524 3032 43.8 138.7 745.1

0:08.41 12.7 281228 61900 3032 44.4 134.2 745.1

0:08.73 13.2 283472 64276 3032 47.1 129.7 745.1

0:09.06 13.7 285848 66388 3032 44.4 124.9 745.1

0:09.40 14.2 288224 69028 3032 56.2 120.2 745.1

0:09.74 14.6 290600 71140 3032 47.1 117.1 745.1

0:10.08 15.2 293108 73780 3032 50.0 112.5 745.1

0:10.39 15.6 295220 75892 3032 50.0 107.1 745.1

0:10.71 16.1 297464 78268 3032 50.0 103.2 745.1

0:11.02 16.5 299708 80380 3032 44.4 98.2 745.1

0:11.34 17.0 301952 82492 3032 44.4 92.9 745.1

0:11.68 17.5 304328 84868 3032 47.4 89.7 745.1

0:11.99 17.9 306572 87244 3032 53.3 84.2 745.1

0:12.33 18.4 308948 89620 3032 38.9 79.0 745.1

0:12.65 18.9 311192 91996 3032 43.8 74.4 745.1

0:12.98 19.4 313568 94108 3032 42.1 71.5 745.1

0:13.29 19.8 315680 96484 3032 41.2 66.1 745.1

0:13.61 20.3 317924 98596 3032 50.0 62.6 745.1

0:13.95 20.8 320300 100972 3032 58.8 59.0 745.1

0:14.27 21.2 322544 103084 3032 50.0 53.1 745.1

0:14.60 21.7 324788 105460 3032 44.4 49.5 745.1

0:14.92 22.1 326900 107572 3032 53.3 44.8 745.1

0:15.24 22.6 329144 109684 3032 41.2 39.7 745.1

0:15.58 23.0 331388 112060 3032 44.4 35.1 745.1

0:15.92 23.5 333764 114436 3032 52.6 30.8 745.1

0:16.25 24.0 336008 116812 3032 50.0 27.6 745.1

0:16.56 24.5 338252 118924 3032 47.1 22.6 745.1

0:16.88 24.9 340364 121036 3032 41.2 18.0 745.1

0:17.21 25.3 342608 123148 3032 53.3 13.2 745.1

0:17.52 25.8 344720 125524 3032 52.9 8.7 745.1

0:17.83 26.3 346964 127636 3032 43.8 9.1 745.1

0:18.14 26.7 349076 129748 3032 43.8 7.6 745.1

0:18.48 27.2 351452 132124 3032 52.6 5.9 744.9

0:18.83 27.7 353828 134500 3032 50.0 5.7 744.9

0:19.16 28.2 356072 136876 3032 41.2 9.0 744.9

0:19.49 28.6 358448 138988 3032 47.1 9.1 744.9

0:19.83 29.1 360824 141364 3032 52.9 9.6 744.9

0:20.15 29.6 363068 143740 3032 50.0 7.4 744.6

0:20.47 30.0 365312 145768 3032 47.4 7.1 744.3

0:20.78 30.4 367292 147692 3032 47.1 9.3 743.6

0:21.09 30.7 369536 149472 3032 43.8 7.3 743.1

0:21.41 31.2 371648 151572 3032 50.0 9.0 742.6

0:21.71 31.6 373892 153416 3032 42.1 9.1 741.9

0:22.04 31.9 376004 155252 3032 53.3 7.5 740.6

0:22.36 32.2 378248 156784 3032 41.2 8.6 739.1

0:22.68 32.6 380492 158348 3032 47.4 7.5 738.1

0:22.99 32.9 382604 159988 3032 47.1 8.3 735.4

0:23.31 33.1 384848 160736 3032 46.7 7.6 731.4

0:23.63 33.1 386960 161092 3032 47.4 8.0 731.4

0:23.97 33.6 389336 163196 3024 43.8 7.7 730.4

0:24.29 33.9 391580 164944 2904 50.0 8.3 724.9

0:24.65 33.9 393956 164584 2904 41.2 5.5 723.6

0:24.96 33.9 396068 165012 2880 40.0 6.6 720.1

0:25.26 34.2 398180 166496 2880 43.8 6.1 717.6

0:25.58 34.2 400424 166148 2880 37.5 5.5 712.4

0:25.88 34.3 402404 166808 2880 47.1 6.9 710.1

0:26.18 33.8 404516 164220 2880 33.3 6.1 703.1

0:26.49 34.2 406496 166332 2880 46.7 6.5 700.1

0:26.80 34.3 408740 166948 2880 50.0 8.9 696.4

0:27.11 34.4 410852 167152 2880 38.9 9.1 693.6

0:27.42 34.5 412964 167852 2880 47.1 5.1 689.4

0:27.72 34.5 415076 167784 2880 50.0 10.0 682.4

0:28.06 34.3 417452 166652 2880 50.0 7.9 679.1

0:28.37 34.4 419564 167168 2880 47.4 9.2 677.4

0:28.69 34.6 421808 168376 2880 46.7 9.2 673.9

0:28.99 34.7 423920 168680 2880 43.8 8.0 669.6

0:29.31 34.3 425900 166852 2880 38.9 9.6 664.1

0:29.62 34.6 428144 168076 2880 41.2 8.7 660.1

0:29.95 34.7 430388 168540 2880 50.0 8.5 656.9

0:30.25 34.5 432500 167672 2880 40.0 7.6 651.4

0:30.56 34.6 434612 168064 2880 41.2 8.0 644.1

0:30.89 34.3 436856 166832 2880 41.2 8.0 637.4

0:31.20 34.1 438968 165592 2880 53.3 7.6 637.4

0:31.51 34.4 441080 167292 2880 53.3 7.4 635.4

0:31.83 34.5 443324 167552 2880 47.1 7.4 631.7

0:32.13 34.6 445436 168004 2880 41.2 8.5 627.1

0:32.43 34.4 447416 167384 2880 44.4 6.4 621.0

0:32.74 34.5 449528 167868 2880 47.1 8.3 618.9

0:33.06 34.8 451640 169196 2880 38.9 8.2 615.4

0:33.38 34.9 453884 169516 2880 46.7 9.4 607.9

0:33.68 34.5 455996 167940 2880 43.8 5.6 607.1

0:34.00 34.9 458108 169524 2880 44.4 7.5 601.9

0:34.34 34.7 460484 168524 2880 47.1 7.5 594.1

0:34.67 34.4 462728 167476 2880 47.1 7.3 594.1

0:34.99 34.6 464972 168268 2880 42.9 6.8 587.8

0:35.30 34.7 467084 168764 2880 50.0 8.9 584.1

0:35.61 34.8 469196 169020 2880 43.8 8.2 580.1

0:35.93 34.8 471176 169160 2880 47.1 9.3 576.1

0:36.25 34.8 473156 169032 2880 41.2 8.8 570.6

0:36.58 34.6 475400 168336 2880 47.4 7.0 566.6

0:36.89 33.9 477512 164900 2880 40.0 8.0 558.9

0:37.20 34.4 479624 167012 2880 47.1 8.1 558.9

0:37.53 34.5 481868 167832 2880 44.4 6.0 549.4

0:37.85 34.2 483980 166416 2880 43.8 7.9 549.4

0:38.17 34.6 486224 168224 2880 46.7 6.0 543.6

0:38.47 34.5 488204 167772 2880 46.7 5.9 540.6

0:38.78 34.6 490448 168392 2880 37.5 6.1 533.1

0:39.09 34.3 492428 166692 2880 47.1 6.3 533.1

0:39.39 34.7 494672 168804 2880 35.3 7.6 529.1

0:39.70 34.7 496652 168820 2880 44.4 8.3 527.1

0:40.00 34.9 498764 169504 2880 43.8 7.8 521.4

0:40.31 34.8 500876 169196 2880 50.0 8.5 516.1

0:40.61 34.5 502988 167936 2880 40.0 7.5 509.9

0:40.93 34.5 505232 167588 2880 46.7 7.5 507.9

0:41.23 34.7 507212 168788 2880 43.8 4.5 505.6

0:41.53 34.7 509324 168804 2880 42.1 4.7 498.1

0:41.85 34.6 511436 168108 2880 46.7 4.5 496.4

0:42.16 34.8 513680 169272 2880 47.1 5.0 492.1

0:42.46 34.8 515660 168964 2880 37.5 6.1 487.9

0:42.76 34.8 517772 169284 2880 43.8 6.4 483.6

0:43.07 34.8 519884 169344 2880 50.0 7.3 480.9

0:43.36 34.9 521864 169768 2880 38.9 10.6 474.1

0:43.67 34.7 523976 168476 2880 43.8 4.9 473.6

0:43.97 34.5 525956 167828 2880 41.2 6.5 462.9

0:44.27 34.3 528068 166980 2880 52.9 7.7 462.6

0:44.58 34.8 530180 169092 2880 43.8 6.3 452.4

0:44.89 34.1 532292 166032 2880 40.0 6.7 452.4

0:45.20 34.6 534404 168144 2880 46.7 5.1 447.9

0:45.50 34.5 536516 167948 2880 41.2 6.1 441.4

0:45.84 34.4 538760 167120 2880 50.0 7.9 441.4

0:46.16 34.8 541004 169232 2880 52.9 8.3 432.9

0:46.46 34.3 543116 166996 2880 47.1 8.5 432.9

0:46.78 34.8 545360 168996 2880 44.4 6.2 424.9

0:47.12 34.5 547604 167528 2880 50.0 10.1 417.6

0:47.42 34.2 549716 166060 2880 43.8 5.8 415.6

0:47.74 34.4 551960 167044 2880 50.0 6.1 408.4

0:48.04 34.0 554072 165548 2880 47.1 6.6 408.4

0:48.38 34.4 556316 167064 2880 43.8 5.7 403.1

0:48.66 34.4 558296 167016 2880 38.9 6.6 400.6

0:48.96 34.4 559880 167392 2880 41.2 7.4 398.1

0:49.27 34.4 561860 167188 2880 41.2 7.0 392.9

0:49.57 34.5 563840 167748 2880 50.0 7.4 389.9

0:49.89 34.6 566084 168452 2880 53.3 6.7 383.6

0:50.21 34.4 568328 167400 2880 52.9 7.3 381.1

0:50.52 34.7 570440 168524 2880 47.1 6.7 373.6

0:50.84 34.3 572684 166756 2880 47.1 8.5 373.6

0:51.14 34.0 574796 165316 2880 36.8 7.6 366.6

0:51.48 34.5 577172 167692 2880 50.0 7.9 363.1

0:51.80 34.6 579284 168152 2880 53.3 6.3 358.4

0:52.10 34.5 581396 167788 2880 50.0 9.0 353.6

0:52.40 34.5 583508 167540 2880 50.0 5.9 349.4

0:52.69 34.5 585488 167560 2880 40.0 5.9 346.4

0:53.01 34.6 587600 168192 2880 50.0 8.4 340.4

0:53.30 34.3 589712 166952 2880 46.7 7.1 338.6

0:53.60 34.6 591692 168136 2880 37.5 8.8 335.6

0:53.90 34.7 593540 168500 2880 46.7 8.6 331.4

0:54.20 34.7 595652 168488 2880 46.7 6.4 329.4

0:54.51 34.9 597632 169608 2880 50.0 6.4 323.9

0:54.83 34.7 599876 168872 2880 44.4 8.9 319.9

0:55.13 34.7 601988 168952 2880 40.0 7.5 317.9

0:55.45 34.7 604100 168924 2880 44.4 5.6 313.3

0:55.75 34.6 606080 168320 2880 35.3 5.6 307.3

0:56.08 34.8 608456 169276 2880 41.2 5.4 303.1

0:56.37 34.8 610436 169060 2880 40.0 5.8 299.6

0:56.68 34.8 612548 169436 2880 38.9 8.2 293.6

0:56.98 34.6 614528 168020 2880 42.1 5.9 288.8

0:57.29 34.6 616772 168164 2880 46.7 7.3 282.1

0:57.59 34.4 618752 167048 2880 50.0 6.5 280.1

0:57.89 34.5 620864 167868 2880 50.0 8.7 276.7

0:58.19 34.6 622976 168288 2880 44.4 6.2 272.4

0:58.50 34.6 624956 168136 2880 46.7 7.7 269.9

0:58.82 34.7 627200 168940 2880 37.5 7.3 267.9

0:59.14 34.7 629312 168904 2880 40.0 8.2 261.9

0:59.44 34.8 631424 169140 2880 47.1 6.6 258.6

0:59.76 34.9 633536 169824 2880 50.0 6.5 252.8

1:00.06 34.7 635648 168712 2880 44.4 11.3 247.0

1:00.38 34.5 637628 167868 2880 47.4 6.7 243.9

1:00.68 34.6 639740 168452 2880 43.8 7.6 240.9

1:01.00 34.4 641984 167264 2880 43.8 6.1 237.1

1:01.29 34.5 644096 167716 2880 41.2 5.5 228.1

1:01.59 34.3 646076 166900 2880 40.0 6.9 227.8

1:01.91 34.7 648188 168892 2880 47.1 5.4 219.9

1:02.25 34.4 650564 167224 2880 38.9 5.4 217.1

1:02.56 34.5 652676 167960 2880 43.8 10.1 211.3

1:02.88 34.4 654788 167084 2880 44.4 5.3 211.3

1:03.20 34.8 657032 169196 2880 50.0 8.6 207.2

1:03.52 34.5 659276 167944 2880 47.1 9.1 200.4

1:03.83 34.6 661256 168124 2880 47.1 5.1 197.0

1:04.14 34.7 663500 168620 2880 43.8 9.3 193.1

1:04.48 34.8 665876 169028 2880 43.8 9.3 186.6

1:04.77 34.5 667856 167820 2880 41.2 8.3 183.4

1:05.10 34.6 670100 168380 2880 43.8 8.4 178.4

1:05.41 34.5 672212 167804 2880 50.0 6.8 177.0

1:05.72 34.7 674324 168632 2880 47.4 6.2 173.2

1:06.02 34.7 676172 168656 2880 44.4 4.9 168.4

1:06.30 34.4 678020 167172 2880 37.5 5.3 164.5

1:06.61 34.6 680132 168448 2880 41.2 4.9 161.3

1:06.91 34.3 682112 166688 2880 40.0 4.8 156.1

1:07.22 34.3 684224 166928 2880 44.4 5.2 151.2

1:07.52 34.6 686336 168132 2880 43.8 5.0 149.2

1:07.84 34.3 688448 166796 2880 42.1 6.2 144.0

1:08.14 34.6 690560 168056 2880 41.2 5.1 138.4

1:08.43 34.5 692540 167920 2880 41.2 8.2 131.8

1:08.74 34.3 694784 166688 2880 44.4 7.1 126.7

1:09.05 34.2 696764 166272 2880 41.2 6.9 126.7

1:09.36 34.0 698876 165496 2880 37.5 5.5 121.1

1:09.66 34.5 700988 167608 2880 40.0 7.4 118.5

1:09.99 34.4 703232 167476 2880 44.4 5.9 115.7

1:10.29 34.6 705212 168336 2880 37.5 5.2 107.0

1:10.60 34.3 707324 166860 2880 44.4 6.5 107.0

1:10.93 34.5 708776 167748 2880 45.0 7.1 102.6

1:11.23 34.6 710756 168072 2880 37.5 7.1 101.4

1:11.54 34.8 712472 169360 2880 41.2 4.9 92.4

1:11.88 34.2 713924 166128 2880 46.7 5.6 92.4

1:12.20 34.5 715640 167976 2880 41.2 5.2 92.4

1:12.51 34.5 717356 167872 2880 38.9 6.5 84.2

1:12.82 34.3 719072 166932 2880 52.9 6.3 82.8

1:13.13 34.6 721184 168396 2880 44.4 5.9 77.8

1:13.45 34.6 723428 168276 2880 50.0 7.6 72.7

1:13.75 34.5 725408 167828 2880 43.8 8.3 70.4

1:14.07 34.4 727652 167304 2880 36.8 6.8 64.4

1:14.39 34.5 729764 167948 2880 36.8 8.4 62.1

1:14.73 34.8 732140 168956 2880 50.0 6.4 51.8

1:15.03 34.0 734120 165512 2880 44.4 7.0 51.8

1:15.33 34.5 736232 167624 2880 41.2 5.4 46.0

1:15.66 34.4 738476 167192 2880 41.2 6.5 44.0

1:15.97 34.6 740588 168240 2880 47.1 5.6 41.8

1:16.28 34.5 742568 167892 2880 40.0 6.3 35.4

1:16.60 34.5 744680 167896 2880 38.9 5.9 30.1

1:16.90 34.4 746660 167372 2880 43.8 6.5 25.7

1:17.20 34.4 748772 167084 2880 40.0 6.9 25.7

1:17.52 34.5 750884 167972 2880 44.4 5.5 17.4

1:17.82 34.4 752996 167128 2880 50.0 5.7 12.4

1:18.11 34.3 755108 166704 2880 43.8 5.6 12.4

1:18.43 34.5 757220 167564 2880 43.8 5.2 6.6

1:18.74 34.6 759332 168212 2880 43.8 6.9 3.4

1:19.03 34.4 761312 167052 2880 43.8 6.0 0.0

1:19.42 34.8 763952 169216 2880 46.7 6.4 0.0

1:21.94 37.9 780056 184108 1668 86.5 141.3 379.2

1:22.65 38.9 784940 189124 1668 93.8 138.3 379.2

1:23.17 39.6 788504 192556 1668 93.8 134.6 379.2

1:23.72 40.4 792332 196516 1668 93.8 130.4 379.2

1:24.23 41.1 795896 199948 1668 87.5 127.1 379.2

1:24.75 41.9 799460 203644 1668 88.9 123.8 379.2

1:25.28 42.6 802892 207076 1668 88.2 119.3 379.2

1:25.79 43.2 805928 210244 1668 88.2 117.3 379.2

1:26.30 43.9 809228 213412 1668 99.9 113.9 379.2

1:26.82 44.5 812396 216580 1668 88.2 111.1 379.2

1:27.34 45.2 815696 219748 1668 93.8 107.6 379.2

1:27.86 46.0 819260 223444 1668 93.8 104.5 379.2

1:28.40 46.8 823088 227404 1668 89.5 100.8 379.2

1:28.94 47.5 826784 231100 1668 99.9 97.1 379.2

1:29.47 48.3 830480 234796 1668 99.9 93.0 379.2

1:30.00 49.0 834176 238228 1668 87.5 89.4 379.2

1:30.53 49.8 837872 242188 1668 94.1 86.2 379.2

1:31.05 50.6 841568 245884 1668 93.8 82.5 379.2

1:31.60 51.3 845396 249580 1668 94.1 76.9 379.2

1:32.14 52.1 848960 253276 1668 94.4 73.9 379.2

1:32.66 52.7 852392 256444 1668 93.8 70.1 379.2

1:33.18 53.5 855956 260140 1668 99.9 66.9 379.2

1:33.70 54.3 859652 263836 1668 93.3 63.3 379.2

1:34.23 55.0 863348 267532 1668 94.1 59.6 379.2

1:34.78 55.8 867176 271228 1668 99.9 55.9 379.2

1:35.33 56.6 871004 275188 1668 94.1 52.1 379.2

1:35.86 57.4 874700 278884 1668 88.9 48.3 379.2

1:36.37 58.1 878396 282580 1668 93.8 43.9 379.2

1:36.90 58.9 881960 286276 1668 87.5 40.3 379.2

1:37.46 59.6 885920 289972 1668 94.4 37.3 379.2

1:38.00 60.5 889748 293932 1668 94.1 33.7 379.2

1:38.56 61.2 893576 297628 1668 99.9 30.0 379.2

1:39.09 62.0 897272 301324 1668 99.9 25.4 379.2

1:39.61 62.7 900836 305020 1668 93.8 22.9 379.2

1:40.10 63.4 904268 308452 1668 86.7 14.1 379.2

1:40.56 64.1 907436 311580 1668 72.2 5.4 372.4

1:41.15 63.4 911264 308348 1668 87.5 4.2 369.6

1:41.65 63.5 914432 308716 1668 83.3 4.9 366.1

1:42.15 63.5 917732 308520 1668 93.3 7.9 366.1

1:42.66 64.2 921296 311952 1668 81.2 6.3 364.9

1:43.18 64.6 924860 314044 1668 88.9 5.6 363.3

1:43.69 65.1 928424 316484 1668 82.4 9.8 361.1

1:44.22 65.3 932120 317684 1668 88.9 6.9 358.3

1:44.74 65.5 935684 318564 1668 93.8 6.7 356.9

1:45.27 66.0 939380 320764 1668 94.1 6.4 356.9

1:45.82 66.3 943340 322496 1668 88.9 8.6 354.6

1:46.35 67.0 946772 325928 1668 82.4 8.9 353.2

1:46.88 67.4 949808 327544 1668 94.4 5.8 351.3

1:47.42 67.6 953108 328752 1668 88.2 8.3 348.8

1:47.93 67.6 955880 328836 1668 94.4 8.8 346.1

1:48.47 67.7 958916 329360 1668 94.4 5.6 343.8

1:49.00 67.8 961820 329828 1668 93.8 6.4 341.9

1:49.53 68.1 965252 331332 1668 93.8 5.9 340.3

1:50.02 68.4 968156 332508 1668 82.4 7.5 337.5

1:50.50 68.4 971060 332516 1668 88.2 5.1 335.1

1:50.98 68.5 973964 333032 1668 87.5 9.3 332.2

1:51.46 68.4 976604 332744 1668 88.2 6.5 330.1

1:51.98 68.6 979508 333520 1668 99.9 6.1 327.7

1:52.48 68.7 982412 333964 1668 94.1 6.6 326.6

1:52.99 69.0 985448 335620 1668 88.2 5.8 324.1

1:53.51 69.2 988748 336288 1668 94.1 8.8 320.2

1:54.01 69.1 991916 335724 1668 94.1 6.3 316.6

1:54.53 68.8 994688 334744 1668 93.8 6.0 314.1

1:55.05 69.0 997592 335340 1668 94.4 6.9 311.3

1:55.56 68.8 999572 334296 1668 93.3 7.5 311.3

1:56.09 69.2 1001816 336672 1668 88.2 5.8 308.4

1:56.58 69.1 1004192 335824 1668 87.5 7.9 305.7

1:57.08 68.9 1006304 335092 1668 88.2 6.5 304.1

1:57.59 69.1 1008944 336156 1668 93.3 6.7 302.6

1:58.08 69.3 1011056 336924 1668 88.2 4.8 300.7

1:58.56 69.4 1013300 337208 1668 93.3 4.9 298.6

1:59.04 69.4 1016204 337564 1668 88.2 4.6 295.9

1:59.52 69.4 1018976 337352 1668 87.5 6.3 292.3

2:00.02 69.4 1021880 337220 1668 87.5 4.7 288.9

2:00.50 69.1 1024124 335964 1668 76.5 7.4 286.2

2:00.98 69.1 1026764 335812 1668 94.1 8.3 282.8

2:01.45 68.9 1029536 334960 1668 81.2 7.5 279.7

2:01.93 68.8 1031912 334364 1668 88.2 5.8 279.5

2:02.44 68.6 1034816 333468 1668 77.8 6.9 276.0

2:02.96 69.2 1037852 336372 1668 88.2 6.9 273.7

2:03.44 69.3 1040756 336920 1668 88.2 6.0 270.0

2:03.96 69.1 1044188 335868 1668 94.4 6.3 263.7

2:04.47 68.6 1047488 333360 1668 93.8 6.4 262.8

2:05.00 68.6 1050656 333352 1668 82.4 7.5 259.4

2:05.53 68.5 1053692 332808 1668 87.5 8.7 257.0

2:06.07 69.2 1057256 336240 1668 88.9 8.0 252.8

2:06.59 69.0 1060292 335236 1668 87.5 5.2 249.0

2:07.06 68.7 1062932 333864 1668 87.5 7.4 249.0

2:07.57 69.2 1065308 336240 1668 94.1 7.7 246.5

2:08.05 69.2 1068080 336576 1668 88.2 8.5 243.8

2:08.55 69.4 1071644 337204 1668 87.5 5.3 241.2

2:09.03 69.4 1074680 337464 1668 81.2 4.9 239.2

2:09.55 69.7 1077848 338884 1668 87.5 7.1 236.4

2:10.07 69.7 1081016 338920 1668 88.2 8.4 232.3

2:10.60 69.6 1084580 338444 1668 93.8 7.4 229.4

2:11.11 69.8 1088276 339140 1668 93.8 7.9 226.2

2:11.62 69.8 1091840 339228 1668 93.8 7.7 220.4

2:12.12 69.3 1095272 336988 1668 93.3 7.9 218.3

2:12.65 69.6 1098836 338344 1668 89.5 8.9 212.4

2:13.16 69.1 1102400 335736 1668 93.3 7.9 209.2

2:13.69 69.1 1106096 336176 1668 88.9 8.1 206.7

2:14.26 68.9 1109924 335180 1668 99.9 7.4 201.9

2:14.81 69.2 1113620 336312 1668 99.9 7.9 198.2

2:15.37 69.2 1117448 336532 1668 99.9 8.1 194.8

2:15.93 69.3 1121408 336840 1668 99.9 8.2 191.8

2:16.48 69.4 1125236 337560 1668 93.8 9.7 188.9

2:17.02 69.6 1128932 338260 1668 99.9 7.9 185.0

2:17.56 69.1 1132760 335764 1668 82.4 7.4 182.3

2:18.07 69.7 1136192 339080 1668 94.1 7.6 177.7

2:18.60 69.5 1139888 337712 1668 93.8 7.4 174.9

2:19.10 69.6 1143320 338528 1668 99.9 7.8 172.3

2:19.61 69.8 1147016 339352 1668 93.3 7.7 168.1

2:20.14 69.0 1150580 335712 1668 81.2 7.2 163.9

2:20.64 69.5 1154012 337872 1668 87.5 6.8 161.4

2:21.14 69.2 1157444 336352 1668 81.2 7.6 156.6

2:21.66 69.4 1161140 337404 1668 81.2 6.5 154.1

2:22.14 69.5 1164176 338080 1668 88.2 6.8 150.0

2:22.64 69.3 1167608 337096 1668 88.2 9.0 146.1

2:23.20 69.3 1171436 337016 1668 88.9 9.6 142.9

2:23.74 69.4 1175132 337376 1668 93.8 7.6 140.5

2:24.24 69.6 1178564 338368 1668 87.5 7.5 137.6

2:24.74 69.7 1181996 338840 1668 86.7 6.7 135.1

2:25.25 69.5 1185428 337924 1668 88.2 7.6 130.0

2:25.76 69.5 1188992 337948 1668 93.8 7.8 127.1

2:26.27 69.7 1192556 338688 1668 88.2 6.4 124.8

2:26.80 69.4 1196252 337284 1668 78.9 6.4 119.1

2:27.30 69.5 1199684 337668 1668 87.5 7.7 116.2

2:27.81 69.6 1203248 338168 1668 81.2 7.0 114.3

2:28.29 69.2 1206416 336552 1668 82.4 5.4 108.4

2:28.79 69.3 1209980 336996 1668 93.8 8.3 105.5

2:29.30 69.4 1213280 337544 1668 88.2 7.3 103.5

2:29.82 69.7 1216844 338900 1668 99.9 8.5 97.2

2:30.37 68.5 1220540 332892 1668 75.0 6.2 90.4

2:30.89 68.4 1223972 332636 1668 87.5 5.4 90.0

2:31.42 68.4 1227668 332608 1668 82.4 7.8 86.8

2:31.97 68.5 1231496 332968 1668 88.9 6.3 80.5

2:32.51 68.6 1235324 333400 1668 88.9 7.4 80.1

2:33.03 69.0 1239020 335576 1668 87.5 6.9 76.5

2:33.53 69.3 1242320 336916 1668 87.5 6.1 73.8

2:34.03 69.1 1245752 335888 1668 87.5 7.2 69.5

2:34.53 69.2 1249316 336600 1668 88.2 5.1 65.2

2:35.03 69.0 1252748 335696 1668 94.1 6.3 62.4

2:35.52 69.2 1256180 336252 1668 81.2 5.9 59.8

2:36.02 69.3 1259612 336964 1668 87.5 5.3 57.9

2:36.53 69.5 1263176 337792 1668 83.3 7.0 54.5

2:37.03 68.9 1266608 334888 1668 86.7 7.8 48.7

2:37.62 69.3 1270568 336776 1668 88.2 8.3 44.7

2:38.15 68.8 1274396 334456 1668 83.3 5.1 42.0

2:38.67 68.6 1277828 333760 1668 81.2 6.5 36.9

2:39.18 69.0 1281392 335552 1668 93.8 5.9 32.5

2:39.69 68.8 1285088 334380 1668 94.1 5.0 32.5

2:40.19 69.1 1288520 336124 1668 86.7 5.0 27.6

2:40.71 69.2 1292084 336604 1668 93.8 8.1 22.9

2:41.24 69.0 1295912 335468 1668 88.9 5.2 19.6

2:41.76 69.1 1299476 335832 1668 99.9 4.5 16.3

2:42.27 69.1 1302908 335856 1668 94.1 6.5 13.6

2:42.76 69.2 1306340 336584 1668 93.8 7.0 10.3

2:43.27 68.7 1309904 333880 1668 88.2 7.7 7.4

2:43.79 69.3 1313600 337148 1668 88.2 8.2 4.0

2:44.31 68.8 1317164 334540 1668 83.3 8.0 1.1

2:44.83 69.3 1320728 337000 1668 87.5 7.2 745.5

      322.8 745.5

      321.6 745.5

      321.6 745.5

      321.7 745.5

      320.8 745.5

      320.3 745.5

      320.4 745.5

      320.8 745.5

      320.2 745.5

      321.4 745.5

      320.9 745.5

      320.7 745.5

      320.6 745.5

      320.6 745.5

      320.6 745.5

      320.6 745.5

      320.5 745.5

      320.6 745.5

      320.6 745.5

      320.5 745.5

      320.6 745.5

      320.6 745.5

      320.6 745.5

      320.6 745.5

      320.6 745.5

      320.6 745.5

      320.6 745.5

      320.6 745.5

      320.6 745.5

      320.6 745.5

      320.6 745.5

      320.6 745.5

      320.6 745.5

      320.7 745.5

      320.6 745.5

      320.6 745.5

      320.7 745.5

      320.6 745.5

      320.6 745.5

      320.6 745.5

      320.6 745.5

      320.6 745.5

      320.6 745.5

      320.6 745.5

      320.6 745.5

      320.6 745.5

      320.6 745.5

      320.6 745.5

      320.6 745.5

      320.6 745.5

      320.7 745.5

      320.6 745.5

      320.6 745.5

      320.5 745.6

      320.5 745.6

      320.5 745.6

      320.5 745.6

      320.4 745.6

      320.4 745.6

      320.5 745.6

      320.5 745.6

      320.4 745.6

      320.4 745.7

      320.2 745.7

      320.2 745.7

      320.2 745.7

      319.9 745.7

      319.9 745.7

      319.9 745.7

      319.9 745.7

      319.8 745.7

      319.8 745.7

      319.8 745.7

      319.8 745.7

      319.8 745.7

      319.8 745.7

      319.8 745.7

      319.7 745.7

      319.7 745.7

      319.8 745.7

      319.7 745.7

      319.7 745.7

      319.8 745.7

      319.7 745.7

      319.8 745.7

      319.7 745.7

      319.8 745.7

      319.8 745.7

      319.7 745.7

      319.8 745.7

      319.8 745.7

      319.7 745.7

      319.7 745.7

      319.8 745.7

      319.7 745.7

      319.7 745.7

      319.7 745.7

      319.7 745.7

      319.7 745.7

      319.6 745.7

      319.8 745.7

      319.6 745.7

      319.6 745.7

      319.6 745.7

      319.6 745.7

      319.6 745.7

      319.6 745.7

      319.7 745.7

      319.6 745.7

      319.6 745.7

      319.6 745.7

      319.6 745.7

      319.6 745.7

      319.6 745.7

      319.6 745.7

      319.6 745.7

      319.6 745.7

      319.6 745.7

      319.6 745.7

      319.5 745.7

      319.7 745.7

      319.6 745.7

      319.6 745.7

      319.6 745.7

      319.6 745.7

      319.6 745.7

      319.7 745.7

      319.7 745.7

      319.7 745.7

      319.7 745.7

      319.7 745.7

      319.6 745.7

      319.6 745.7

      319.8 745.7

      319.7 745.7

      319.7 745.7

      319.7 745.7

      319.7 745.7

      319.7 745.7

      319.7 745.7

      319.7 745.7

      319.8 745.7

      319.7 745.7

      319.7 745.7

      319.6 745.7

      319.7 745.7

      319.8 745.7

      319.6 745.7

      319.8 745.7

      319.7 745.7

      319.8 745.7

      319.8 745.7

      319.7 745.7

      319.8 745.7

      319.7 745.7

      319.7 745.7

      319.6 745.7

      319.6 745.7

      319.7 745.7

      319.7 745.7

      319.6 745.7

      319.8 745.7

      319.7 745.7

      319.7 745.7

      319.6 745.7

      319.7 745.7

      319.7 745.7

      319.7 745.7

      319.8 745.7

      319.7 745.7

      319.7 745.7

      319.7 745.7

      319.8 745.7

      319.7 745.7

      319.7 745.7

      319.7 745.7

      319.7 745.7

      319.8 745.7

      319.7 745.7

      319.7 745.7

      319.8 745.7

      319.7 745.7

      319.7 745.7

      319.7 745.7

      319.7 745.7

      319.6 745.7

      319.7 745.7

      319.7 745.7

      319.6 745.7

      319.7 745.7

      319.7 745.7

      319.7 745.7

      319.7 745.7

      319.7 745.7

      319.6 745.7

      319.7 745.7

      319.6 745.7

      319.6 745.7

      319.6 745.7

      319.6 745.7

      319.6 745.7

      319.7 745.7

      319.6 745.7

      319.7 745.7

      319.6 745.7

      319.6 745.7

      319.7 745.7

      319.6 745.7

      319.7 745.7

      319.6 745.7

      319.7 745.7

      319.6 745.7

      319.6 745.7

      319.5 745.7

      319.6 745.7

      319.7 745.7

      319.7 745.7

      319.7 745.7

      319.8 745.7

      319.6 745.7

      319.8 745.7

      319.6 745.7

      319.8 745.7

      319.8 745.7

      319.7 745.7

      319.7 745.7

      319.8 745.7

      319.8 745.7

      318.6 745.7

      318.5 745.7

      318.5 745.7

      318.5 745.7

      318.5 745.7

      318.0 745.7

      318.0 745.7

      319.2 745.7

      319.6 745.7

      319.0 745.7

      319.0 745.7

      319.0 745.7

      319.5 745.7

      319.0 745.7

      319.0 745.7

      319.0 745.7

      319.0 745.7

      319.0 745.7

      319.0 745.7

      319.2 745.7

      319.7 745.7

      319.0 745.7

      319.2 745.7

      319.1 745.7

      319.5 745.7

      319.0 745.7

      319.0 745.7

      319.0 745.7

      319.0 745.7

      319.0 745.7

      319.0 745.7

      319.0 745.7

      319.0 745.7

      319.0 745.7

      319.0 745.7

      319.0 745.7

      319.0 745.7

      318.9 745.7

      319.0 745.7

      319.0 745.7

      319.4 745.7

      319.0 745.7

      318.9 745.7

      319.0 745.7

      318.9 745.7

      319.7 745.7

      319.0 745.7

      318.9 745.7

      319.0 745.7

      318.9 745.7

      318.9 745.7

      318.9 745.7

      318.9 745.7

      318.9 745.7

      318.9 745.7

      318.9 745.7

      318.9 745.7

      318.9 745.7

      319.2 745.7

      319.5 745.7

      319.5 745.7

      319.5 745.7

      318.9 745.7

      318.9 745.7

      319.4 745.7

      319.1 745.7

      318.9 745.7

      318.9 745.7

      319.0 745.7

      318.9 745.7

      318.9 745.7

      318.9 745.7

      318.9 745.7

      319.3 745.7

      320.5 745.7

      319.9 745.7

      319.7 745.7

      319.6 745.7

      319.5 745.7

      319.6 745.7

      319.6 745.7

      319.5 745.7

      319.5 745.7

      319.6 745.7

      319.5 745.7

      319.6 745.7

      319.6 745.7

      319.5 745.7

      319.5 745.7

      319.5 745.7

      319.5 745.7

      319.6 745.7

      319.6 745.7

      319.6 745.7

      319.5 745.7

      319.5 745.7

      319.5 745.7

      319.5 745.7

      319.3 745.7

      319.3 745.7

      319.3 745.7

      319.3 745.7

      319.3 745.7

      319.3 745.7

      319.3 745.7

      319.2 745.7

      319.3 745.7

      319.3 745.7

      319.3 745.7

      319.2 745.7

      319.3 745.7

      319.2 745.7

      319.2 745.7

      319.3 745.7

      319.2 745.7

      319.3 745.7

      319.2 745.7

      319.2 745.7

      319.2 745.7

      319.2 745.7

      319.2 745.7

      316.4 745.7

      316.3 745.7

      316.3 745.7

      316.2 745.7

      316.3 745.7

      316.3 745.7

      316.3 745.7

      316.3 745.7

      316.3 745.7

      316.3 745.7

      316.3 745.7

      316.3 745.7

      316.2 745.7

      316.3 745.7

      316.3 745.7

      316.3 745.7

      316.3 745.7

      316.3 745.7

      316.3 745.7

      316.4 745.7

      316.3 745.7

      316.3 745.7

      315.7 745.7

      315.7 745.7

      315.7 745.7

      315.7 745.7

      315.9 745.7

      315.7 745.7

      316.4 745.7

      317.2 745.7

      316.2 745.7

      316.3 745.7

      316.3 745.7

      316.3 745.7

      316.3 745.7

      317.2 745.7

      316.3 745.7

      316.3 745.7

      316.2 745.7

      316.3 745.7

      316.3 745.7

      316.3 745.7

      316.3 745.7

      316.3 745.7

      316.3 745.7

      316.4 745.7

      316.4 745.7

      316.4 745.7

      316.3 745.7

      316.3 745.7

      316.3 745.7

      316.9 745.7

      314.9 745.7

      314.9 745.7

      314.9 745.7

      314.9 745.7

      315.0 745.7

      315.1 745.7

      314.9 745.7

      314.9 745.7

      314.9 745.7

      314.8 745.7

      314.9 745.7

      314.9 745.7

      314.9 745.7

      314.9 745.7

      314.9 745.7

      314.9 745.7

      314.9 745.7

      314.9 745.7

      314.9 745.7

      314.9 745.7

      314.9 745.7

      314.9 745.7

      314.9 745.7

      314.9 745.7

      314.9 745.7

      314.8 745.7

      314.8 745.7

      314.9 745.7

      314.9 745.7

      315.0 745.7

      314.9 745.7

      314.8 745.7

      314.2 745.7

      314.3 745.7

      314.3 745.7

      314.3 745.7

      314.3 745.7

      314.3 745.7

      314.3 745.7

      314.3 745.7

      314.3 745.7

      314.3 745.7

      314.3 745.7

      314.3 745.7

      314.3 745.7

      314.3 745.7

      314.3 745.7

      314.3 745.7

      314.3 745.7

      314.2 745.7

      314.3 745.7

      314.3 745.7

      314.3 745.7

      314.3 745.7

      314.3 745.7

      314.3 745.7

      314.3 745.7

      314.3 745.7

      314.2 745.7

      314.3 745.7

      314.2 745.7

      314.2 745.7

      314.2 745.7

      314.2 745.7

      314.3 745.7

      314.3 745.7

      314.3 745.7

      314.3 745.7

      314.2 745.7

      314.7 745.7

      314.3 745.7

      314.3 745.7

      314.3 745.7

      314.3 745.7

      314.4 745.7

      314.2 745.7

      314.3 745.7

      314.3 745.7

      314.4 745.7

      314.2 745.7

      314.2 745.7

      314.3 745.7

      314.3 745.7

      314.3 745.7

      314.4 745.7

      314.3 745.7

      314.3 745.7

      314.3 745.7

      314.3 745.7

      314.8 745.7

      314.3 745.7

      314.9 745.7

      314.3 745.7

      314.3 745.7

      314.4 745.7

      314.3 745.7

      314.6 745.7

      314.3 745.7

      314.3 745.7

      314.3 745.7

      314.4 745.7

      314.3 745.7

      314.3 745.7

      314.3 745.7

      314.3 745.7

      314.3 745.7

      314.5 745.7

      314.3 745.7

      314.3 745.7

      314.5 745.7

      314.3 745.7

      314.3 745.7

      314.8 745.7

      314.8 745.7

      314.8 745.7

      314.3 745.7

      314.5 745.7

      314.8 745.7

      314.8 745.7

      314.5 745.7

      314.3 745.7

      314.3 745.7

      315.0 745.7

      314.3 745.7

      314.8 745.7

      314.8 745.7

      314.3 745.7

      314.3 745.7

      314.4 745.7

      314.8 745.7

      314.8 745.7

      314.3 745.7

      314.3 745.7

      314.3 745.7

      314.3 745.7

      314.3 745.7

      314.9 745.7

      314.3 745.7

      314.8 745.7

      314.5 745.7

      314.8 745.7

      314.8 745.7

      314.8 745.7

      314.4 745.7

      314.3 745.7

      314.3 745.7

      314.8 745.7

      314.8 745.7

      315.0 745.7

      314.8 745.7

      314.4 745.7

      314.8 745.7

      314.3 745.7

      314.8 745.7

      314.3 745.7

      314.3 745.7

      314.2 745.7

      314.7 745.7

      314.2 745.7

      314.3 745.7

      314.8 745.7

      314.5 745.7

      314.7 745.7

      314.3 745.7

      314.4 745.7

      314.4 745.7

      314.4 745.7

      314.2 745.7

      314.2 745.7

      314.3 745.7

      314.8 745.7

      314.4 745.7

      314.2 745.7

      314.3 745.7

      314.5 745.7

      314.8 745.7

      314.3 745.7

      314.3 745.7

      314.3 745.7

      314.5 745.7

      315.1 745.7

      314.9 745.7

      314.5 745.7

      314.5 745.7

      314.8 745.7

      314.3 745.7

      314.3 745.7

      314.3 745.7

      314.8 745.7

      314.3 745.7

      314.5 745.7

      314.8 745.7

      314.9 745.7

      314.3 745.7

      314.8 745.7

      314.3 745.7

      314.4 745.7

      314.9 745.7

      314.8 745.7

      314.3 745.7

      314.3 745.7

      314.3 745.7

      314.9 745.7

      314.4 745.7

      314.3 745.7

      314.9 745.7

      314.3 745.7

      314.3 745.7

      314.3 745.7

      314.3 745.7

      314.8 745.7

      314.3 745.7

      314.3 745.7

      314.3 745.7

      314.3 745.7

      314.3 745.7

      314.3 745.7

      314.3 745.7

      314.3 745.7

      314.3 745.7

      314.3 745.7

      314.3 745.7

      314.3 745.7

      314.3 745.7

      314.3 745.7

      314.3 745.7

      314.3 745.7

      314.2 745.7

      314.3 745.7

      314.3 745.7

      314.3 745.7

      314.3 745.7

      314.3 745.7

      314.3 745.7

      314.3 745.7

      314.3 745.7

      314.3 745.7

      314.3 745.7

      314.3 745.7

      314.3 745.7

      314.3 745.7

      314.3 745.7

      314.3 745.7

      314.3 745.7

      314.3 745.7

      314.3 745.7

      314.2 745.7

      314.3 745.7

      314.2 745.7

      314.3 745.7

      314.3 745.7

      314.3 745.7

      314.3 745.7

      314.3 745.7

      314.3 745.7

      314.2 745.7

      314.3 745.7

      314.2 745.7

      314.3 745.7

      314.3 745.7

      314.3 745.7

      314.2 745.7

      314.2 745.7

      314.2 745.7

      314.2 745.7

      314.3 745.7

      314.3 745.7

      314.3 745.7

      314.5 745.7

      314.3 745.7

      314.3 745.7

      314.3 745.7

      314.3 745.7

      314.3 745.7

      314.3 745.7

      314.3 745.7

      314.9 745.7

      314.3 745.7

      314.8 745.7

      314.3 745.7

      314.8 745.7

      314.3 745.7

      314.8 745.7

      314.8 745.7

      314.5 745.7

      314.3 745.7

      314.5 745.7

      314.5 745.7

      314.3 745.7

      314.3 745.7

      314.3 745.7

      314.3 745.7

      314.3 745.7

      314.8 745.7

      314.8 745.7

      314.4 745.7

      314.8 745.7

      314.3 745.7

      314.5 745.7

      314.3 745.7

      314.3 745.7

      314.5 745.7

      315.9 745.7

      316.4 745.7

      315.9 745.7

      315.9 745.7

      315.9 745.7

      315.9 745.7

      316.4 745.7

      315.9 745.7

      315.9 745.7

      315.9 745.7

      315.9 745.7

      315.9 745.7

      315.9 745.7

      315.9 745.7

      315.9 745.7

      315.9 745.7

      315.8 745.7

      315.9 745.7

      315.8 745.7

      315.8 745.7

      315.8 745.7

      315.9 745.7

      315.8 745.7

      315.8 745.7

      315.8 745.7

      315.9 745.7

      315.9 745.7

      315.8 745.7

      315.9 745.7

      315.8 745.7

      315.8 745.7

      315.8 745.7

      315.9 745.7

      315.9 745.7

      315.9 745.7

      315.8 745.7

      315.8 745.7

      315.9 745.7

      315.9 745.7

      315.8 745.7

      315.8 745.7

      315.8 745.7

      315.9 745.7

      315.8 745.7

      315.9 745.7

      315.8 745.7

      315.8 745.7

      315.8 745.7

      315.8 745.7

      315.8 745.7

      315.8 745.7

      315.8 745.7

      315.8 745.7

      315.9 745.7

      315.9 745.7

      315.9 745.7

      315.9 745.7

      315.9 745.7

      315.9 745.7

      315.9 745.7

      315.9 745.7

      315.9 745.7

      315.9 745.7

      315.9 745.7

      315.9 745.7

      315.9 745.7

      315.9 745.7

      315.9 745.7

      315.9 745.7

      315.9 745.7

      315.9 745.7

      315.9 745.7

      315.9 745.7

      315.9 745.7

      315.9 745.7

      315.9 745.7

      315.9 745.7

      315.9 745.7

      315.9 745.7

      315.9 745.7

      315.9 745.7

      315.9 745.7

      315.9 745.7

      315.9 745.7

      315.9 745.7

      315.9 745.7

      315.9 745.7

      315.9 745.7

      315.9 745.7

      315.9 745.7

      315.9 745.7

      315.9 745.7

      315.9 745.7

      315.9 745.7

      315.9 745.7

      315.9 745.7

      315.9 745.7

      315.9 745.7

      315.9 745.7

      315.9 745.7

      315.9 745.7

      315.9 745.7

      315.9 745.7

      315.9 745.7

      315.9 745.7

      315.9 745.7

      315.9 745.7

      315.9 745.7

      315.8 745.7

      315.9 745.7

      315.9 745.7

      315.9 745.7

      315.9 745.7

      315.9 745.7

      315.9 745.7

      315.9 745.7

      315.9 745.7

      315.9 745.7

      315.9 745.7

      315.8 745.7

      315.8 745.7

      315.8 745.7

      315.9 745.7

      315.8 745.7

      315.8 745.7

      315.8 745.7

      314.7 745.7

      314.9 745.7

      314.9 745.7

      314.9 745.7

      314.9 745.7

      314.9 745.7

      314.9 745.7

      314.9 745.7

      315.0 745.7

      314.9 745.7

      314.9 745.7

      314.9 745.7

      314.9 745.7

      314.9 745.7

      314.9 745.7

      314.9 745.7

      314.9 745.7

      314.9 745.7

      315.0 745.7

      315.0 745.7

      315.1 745.7

      315.0 745.7

      315.1 745.7

      315.0 745.7

      315.0 745.7

      315.0 745.7

      315.1 745.7

      315.1 745.7

      315.1 745.7

      315.0 745.7

      315.1 745.7

      315.1 745.7

      315.0 745.7

      315.0 745.7

      315.1 745.7

      315.1 745.7

      315.1 745.7

      315.0 745.7

      315.0 745.7

      315.0 745.7

      315.1 745.7

      315.1 745.7

      315.1 745.7

      315.0 745.7

      315.0 745.7

      315.1 745.7

      315.2 745.7

      315.6 745.7

      315.1 745.7

      315.1 745.7

      315.1 745.7

      315.1 745.7

      315.1 745.7

      315.1 745.7

      315.1 745.7

      315.1 745.7

      315.1 745.7

      315.1 745.7

      315.1 745.7

      315.0 745.7

      315.1 745.7

      315.1 745.7

      315.0 745.7

      315.0 745.7

      315.0 745.7

      315.1 745.7

      315.4 745.7

      315.0 745.7

      315.0 745.7

      315.0 745.7

      315.0 745.7

      315.0 745.7

      315.0 745.7

      315.0 745.7

      315.0 745.7

      315.1 745.7

      314.9 745.7

      315.0 745.7

      315.0 745.7

      314.9 745.7

      315.0 745.7

      315.0 745.7

      315.0 745.7

      315.0 745.7

      315.0 745.7

      315.0 745.7

      314.9 745.7

      315.0 745.7

      315.0 745.7

      315.0 745.7

      315.0 745.7

      314.9 745.7

      315.0 745.7

      315.0 745.7

      315.0 745.7

      314.9 745.7

      314.9 745.7

      315.0 745.7

      315.0 745.7

      314.9 745.7

      314.9 745.7

      314.9 745.7

      314.9 745.7

      314.9 745.7

      314.9 745.7

      314.9 745.7

      315.5 745.7

      314.9 745.7

      314.9 745.7

      315.1 745.7

      315.2 745.7

      315.1 745.7

      315.5 745.7

      315.1 745.7

      315.1 745.7

      315.0 745.7

      315.2 745.7

      315.0 745.7

      315.1 745.7

      315.0 745.7

      315.0 745.7

      315.6 745.7

      315.7 745.7

      315.7 745.7

      315.7 745.7

      315.7 745.7

      315.7 745.7

      315.7 745.7

      315.7 745.7

      315.6 745.7

      315.6 745.7

      315.7 745.7

      315.7 745.7

      315.7 745.7

      315.7 745.7

      315.7 745.7

      315.7 745.7

      315.6 745.7

      315.6 745.7

      315.1 745.7

      315.0 745.7

      315.1 745.7

      315.1 745.7

      315.1 745.7

      315.0 745.7

      315.1 745.7

      315.0 745.7

      315.0 745.7

      315.0 745.7

      315.0 745.7

      315.0 745.7

      315.1 745.7

      315.0 745.7

      315.0 745.7

      315.0 745.7

      315.1 745.7

      315.0 745.7

      315.0 745.7

      315.0 745.7

      315.0 745.7

      315.0 745.7

      315.4 745.7

      315.0 745.7

      315.0 745.7

      315.0 745.7

      315.0 745.7

      315.0 745.7

      315.0 745.7

      315.0 745.7

      315.0 745.7

      315.0 745.7

      314.9 745.7

      315.0 745.7

      314.9 745.7

      314.9 745.7

      314.9 745.7

      315.0 745.7

      315.0 745.7

      315.0 745.7

      314.9 745.7

      314.9 745.7

      314.9 745.7

      314.9 745.7

      314.9 745.7

      314.9 745.7

      315.1 745.7

      314.9 745.7

      314.9 745.7

      314.9 745.7

      314.9 745.7

      314.9 745.7

      314.9 745.7

      314.9 745.7

      314.9 745.7

      314.9 745.7

      314.9 745.7

      314.9 745.7

      314.9 745.7

      314.9 745.7

      314.9 745.7

      315.0 745.7

      315.1 745.7

      315.0 745.7

      315.0 745.7

      315.0 745.7

      315.0 745.7

      315.0 745.7

      315.0 745.7

      315.0 745.7

      315.0 745.7

      315.0 745.7

      315.1 745.7

      315.0 745.7

      315.1 745.7

      315.1 745.7

      315.0 745.7

      315.0 745.7

      315.1 745.7

      315.0 745.7

      315.0 745.7

      315.0 745.7

      315.0 745.7

      315.0 745.7

      315.0 745.7

      315.0 745.7

      315.1 745.7

      315.0 745.7

      315.0 745.7

      315.1 745.7

      314.9 745.7

      315.1 745.7

      315.1 745.7

      315.1 745.7

      315.0 745.7

      315.0 745.7

      315.0 745.7

      315.8 745.7

      316.2 745.7

      315.0 745.7

      315.1 745.7

      315.0 745.7

      315.0 745.7

      315.0 745.7

      315.0 745.7

      315.0 745.7

      315.0 745.7

      315.0 745.7

      315.0 745.7

      315.0 745.7

      314.9 745.7

      315.0 745.7

      314.9 745.7

      315.0 745.7

      315.0 745.7

      315.0 745.7

      315.0 745.7

      315.0 745.7

      315.0 745.7

      314.9 745.7

      315.0 745.7

      314.9 745.7

      314.9 745.7

      314.9 745.7

      314.9 745.7

      315.0 745.7

      315.0 745.7

      315.0 745.7

      315.0 745.7

      314.9 745.7

      314.9 745.7

      314.9 745.7

      314.9 745.7

      315.0 745.7

      315.0 745.7

      314.9 745.7

      315.0 745.7

      314.9 745.7

      314.9 745.7

      314.9 745.7

      314.9 745.7

      314.9 745.7

      314.9 745.7

      314.9 745.7

      314.9 745.7

      314.9 745.7

      314.9 745.7

      314.9 745.7

      314.9 745.7

      314.9 745.7

      314.9 745.7

      315.0 745.7

      315.0 745.7

      315.0 745.7

      315.1 745.7

      315.1 745.7

      315.0 745.7

      315.0 745.7

      315.1 745.7

      315.0 745.7

      315.0 745.7

      315.0 745.7

      315.1 745.7

      315.0 745.7

      315.0 745.7

      315.0 745.7

      315.5 745.7

      315.0 745.7

      315.0 745.7

      315.0 745.7

      315.0 745.7

      315.0 745.7

      315.0 745.7

      315.5 745.7

      315.5 745.7

      315.6 745.7

      315.0 745.7

      315.0 745.7

      315.1 745.7

      316.1 745.7

      315.1 745.7

      315.1 745.7

      315.7 745.7

      315.0 745.7

      315.0 745.7

      315.0 745.7

      315.1 745.7

      315.0 745.7

      315.0 745.7

      315.0 745.7

      315.0 745.7

      315.0 745.7

      315.0 745.7

      315.0 745.7

      315.0 745.7

      314.9 745.7

      314.9 745.7

      315.0 745.7

      315.0 745.7

      315.0 745.7

      315.0 745.7

      315.0 745.7

      314.9 745.7

      313.5 745.7

      314.2 745.7

      313.9 745.7

      314.0 745.7

      313.5 745.7

      313.9 745.7

      313.6 745.7

      314.0 745.7

      313.9 745.7

      313.5 745.7

      313.5 745.7

      313.5 745.7

      313.5 745.7

      313.5 745.7

      313.5 745.7

      313.5 745.7

      313.5 745.7

      313.5 745.7

      313.5 745.7

      313.5 745.7

      313.5 745.7

      313.4 745.7

      313.5 745.7

      314.9 745.7

      314.9 745.7

      314.9 745.7

      314.9 745.7

      314.9 745.7

      314.9 745.7

      314.9 745.7

      315.6 745.7

      314.9 745.7

      314.9 745.7

      314.9 745.7

      314.9 745.7

      315.1 745.7

      315.4 745.7

      315.0 745.7

      315.0 745.7

      315.0 745.7

      315.0 745.7

      314.9 745.7

      315.0 745.7

      315.0 745.7

      314.9 745.7

      315.0 745.7

      315.1 745.7

      315.0 745.7

      315.0 745.7

      315.0 745.7

      315.5 745.7

      315.5 745.7

      315.0 745.7

      315.1 745.7

      315.2 745.7

      315.0 745.7

      315.0 745.7

      315.1 745.7

      315.4 745.7

      315.0 745.7

      315.1 745.7

      315.0 745.7

      315.0 745.7

      315.0 745.7

      315.2 745.7

      314.9 745.7

      315.5 745.7

      315.1 745.7

      315.0 745.7

      314.9 745.7

      315.0 745.7

      315.5 745.7

      315.6 745.7

      315.0 745.7

      315.0 745.7

      315.0 745.7

      315.1 745.7

      314.9 745.7

      315.0 745.7

      314.9 745.7

      315.0 745.7

      315.5 745.7

      315.4 745.7

      314.9 745.7

      314.8 745.7

      310.7 745.7

      308.1 745.7

      305.5 745.7

      301.9 745.7

      298.7 745.7

      294.8 745.7

      291.4 745.7

      288.4 745.7

      284.8 745.7

      281.5 745.7

      278.1 745.7

      274.3 745.7

      270.8 745.7

      267.3 745.7

      263.6 745.7

      260.1 745.7

      256.6 745.7

      253.0 745.7

      249.4 745.7

      245.4 745.7

      241.8 745.7

      314.6 745.7

      314.5 745.7

      314.6 745.7

      314.6 745.7

      315.0 745.7

      314.7 745.7

      314.6 745.7

      315.1 745.7

      314.5 745.7

      314.5 745.7

      314.6 745.7

      314.5 745.7

      314.6 745.7

      315.1 745.7

      314.6 745.7

      314.5 745.7

      314.5 745.7

      314.6 745.7

      314.6 745.7

      314.6 745.7

      314.6 745.7

      314.1 745.7

      313.7 745.7

      313.6 745.7

      313.7 745.7

      313.7 745.7

      313.6 745.7

      313.7 745.7

      313.6 745.7

      313.6 745.7

      313.8 745.7

      313.6 745.7

      313.7 745.7

      313.6 745.7

      314.3 745.7

      314.8 745.7

      314.6 745.7

      314.8 745.7

      314.7 745.7

      314.6 745.7

      314.6 745.7

      314.6 745.7

      314.6 745.7

      314.6 745.7

      314.6 745.7

      314.6 745.7

      315.2 745.7

      314.6 745.7

      314.6 745.7

      314.6 745.7

      314.6 745.7

      314.6 745.7

      314.6 745.7

      314.8 745.7

      314.8 745.7

      314.6 745.7

      314.6 745.7

      314.6 745.7

      315.3 745.7

      314.8 745.7

      314.6 745.7

      314.6 745.7

      314.8 745.7

      314.6 745.7

      315.2 745.7

      314.6 745.7

      314.6 745.7

      314.6 745.7

      314.6 745.7

      314.6 745.7

      314.6 745.7

      314.6 745.7

      314.5 745.7

      314.6 745.7

      314.6 745.7

      314.6 745.7

      314.6 745.7

      314.6 745.7

      314.6 745.7

      314.6 745.7

      314.6 745.7

      314.6 745.7

      314.6 745.7

      316.1 745.7

      315.1 745.7

      314.6 745.7

      314.6 745.7

      315.3 745.7

      314.6 745.7

      314.6 745.7

      314.7 745.7

      315.1 745.7

      315.2 745.7

      315.2 745.7

      315.1 745.7

      315.2 745.7

      315.1 745.7

      314.5 745.7

      314.8 745.7

      315.1 745.7

      314.7 745.7

      314.5 745.7

      314.5 745.7

      314.5 745.7

      314.5 745.7

      314.5 745.7

      315.0 745.7

      314.6 745.7

      314.7 745.7

      315.1 745.7

      314.8 745.7

      314.8 745.7

      315.2 745.7

      314.6 745.7

      314.6 745.7

      314.6 745.7

      314.6 745.7

      314.6 745.7

      314.6 745.7

      314.6 745.7

      314.6 745.7

      314.6 745.7

      314.6 745.7

      314.6 745.7

      314.6 745.7

      314.6 745.7

      314.6 745.7

      314.8 745.7

      314.6 745.7

      314.6 745.7

      314.6 745.7

      315.1 745.7

      314.6 745.7

      314.8 745.7

      315.1 745.7

      314.6 745.7

      314.6 745.7

      314.8 745.7

      314.6 745.7

      314.8 745.7

      314.6 745.7

      314.6 745.7

      314.6 745.7

      314.5 745.7

      314.5 745.7

      314.5 745.7

      314.6 745.7

      314.5 745.7

      314.9 745.7

      314.5 745.7

      315.0 745.7

      314.6 745.7

      314.6 745.7

      314.5 745.7

      314.6 745.7

      315.0 745.7

      314.5 745.7

      315.0 745.7

      314.6 745.7

      315.1 745.7

      314.5 745.7

      314.5 745.7

      314.5 745.7

      314.5 745.7

      314.5 745.7

      314.5 745.7

      314.5 745.7

      315.0 745.7

      314.5 745.7

      314.5 745.7

      314.6 745.7

      314.5 745.7

      314.5 745.7

      314.5 745.7

      314.5 745.7

      314.5 745.7

      314.6 745.7

      315.0 745.7

      314.5 745.7

      314.4 745.7

      314.5 745.7

      314.4 745.7

      314.5 745.7

      314.6 745.7

      314.6 745.7

      314.6 745.7

      314.5 745.7

      314.4 745.7

      314.5 745.7

      314.4 745.7

      314.9 745.7

      314.9 745.7

      314.9 745.7

      314.4 745.7

      314.6 745.7

      314.5 745.7

      314.6 745.7

      314.5 745.7

      314.6 745.7

      314.5 745.7

      314.6 745.7

      314.5 745.7

      314.5 745.7

      314.5 745.7

      312.0 745.7

      308.7 745.7

      304.7 745.7

      300.0 745.7

      295.2 745.7

      289.5 745.7

      284.5 745.7

      280.5 745.7

      271.7 745.7

      263.4 745.7

      254.9 745.7

      246.9 745.7

      239.7 745.7

      232.1 745.7

      225.6 745.7

      217.1 745.7

      208.5 745.7

      199.9 745.7

      191.2 745.7

      182.6 745.7

      173.5 745.7

      166.2 745.7

      156.5 745.7

      148.7 745.7

      140.0 745.7

      131.4 745.7

      123.3 745.7

      114.8 745.7

      105.6 745.7

      95.7 745.7

      86.9 745.7

      77.6 745.7

      68.5 745.7

      59.1 745.7

      50.5 745.7

      43.2 745.7

      36.7 745.7

      29.2 745.7

      21.8 745.7

      13.8 745.7

      7.2 745.7

      6.7 745.2

      6.8 743.6

      7.3 740.6

      5.6 737.5

      6.1 728.6

      5.8 719.1

      5.7 710.0

      6.2 706.4

      5.6 695.4

      6.9 687.9

      7.1 680.1

      6.7 674.4

      5.8 667.9

      5.5 662.4

      5.3 655.6

      5.3 646.4

      5.9 640.1

      5.4 632.5

      5.9 622.1

      6.1 620.1

      6.6 608.4

      6.3 602.1

      5.5 594.9

      5.6 588.1

      5.3 578.4

      5.6 568.6

      5.6 557.7

      6.0 548.7

      4.9 539.6

      5.7 534.6

      9.7 525.4

      5.1 513.2

      6.4 504.1

      5.6 496.6

      5.1 484.9

      6.8 475.4

      6.6 462.4

      6.0 452.4

      4.4 438.4

      5.7 417.9

      5.8 403.4

      5.3 386.8

      4.5 367.0

      5.6 347.2

      5.7 320.8

      5.7 296.4

      5.4 268.4

      7.1 238.8

      5.6 211.9

      6.9 184.4

      4.3 155.9

      5.6 123.2

      5.0 98.2

      5.6 67.4

      4.9 42.4

      4.3 10.6

      4.4 39.2

      4.3 13.7

      5.6 34.2

      7.4 0.0

      7.0 19.0

      4.9 2.0

      5.4 42.3

      5.9 21.6

      5.9 2.9

      4.5 37.2

      7.1 14.0

      5.3 51.7

      8.5 15.2

      6.0 69.9

      4.3 34.6

      5.7 16.4

      5.4 0.0

      4.6 30.4

      6.0 11.2

      7.1 0.0

      6.8 34.4

      6.6 14.9

      5.6 0.0

      6.1 41.0

      7.2 26.0

      5.3 8.6

      6.7 17.1

      5.9 0.0

      7.3 0.0

      5.3 14.3

      6.9 0.0

      7.3 1.5

      7.1 21.3

      9.1 8.6

      6.6 1.3

      5.3 32.4

      6.4 3.9

      6.8 0.0

      5.7 17.8

      5.4 5.6

      6.6 0.0

      6.0 0.0

      5.6 38.9

      5.5 6.2

      7.8 0.0

      5.9 20.3

      7.4 11.9

      6.6 2.2

      5.6 31.4

      5.2 15.9

      5.0 6.1

      5.6 0.0

      5.5 29.2

      5.2 18.0

      5.9 11.0

      5.9 0.0

      5.4 38.8

      8.2 28.3

      5.2 18.3

      6.6 12.4

      5.9 3.9

      5.4 0.0

      5.1 40.3

      7.5 35.2

      4.9 27.6

      5.5 19.4

      5.0 12.8

      5.6 8.2

      5.3 2.2

      6.4 53.5

      5.8 41.7

      5.6 34.5

      6.2 23.7

      6.3 19.0

      6.1 10.1

      4.5 2.1

      5.5 55.7

      6.2 37.6

      5.6 32.3

      7.1 27.2

      5.2 19.9

      6.9 13.3

      6.5 3.2

      6.8 0.0

      6.6 59.0

      6.3 50.3

      7.5 44.4

      6.4 40.3

      6.5 34.3

      5.3 26.9

      6.0 19.0

      5.8 9.1

      6.3 0.7

      4.3 298.5

      142.1 446.1

      212.9 593.7

      284.1 736.6

      324.7 736.6

      324.7 736.6

      324.7 736.6

      324.8 736.6

      324.7 736.6

      324.8 736.6

      324.7 736.6

      324.8 736.6

      324.7 736.6

      324.7 736.6

      324.7 736.6

      324.7 736.6

      324.7 736.6

      324.7 736.6

      324.7 736.6

      324.7 736.6

      324.7 736.6

      324.7 736.6

      324.7 736.6

      324.7 736.6

      324.7 736.6

      324.7 736.6

      324.7 736.6

      324.7 736.6

      324.7 736.6

      324.7 736.6

      324.7 736.6

      324.7 736.6

      324.7 736.6

      324.7 736.6

      324.7 736.6

      324.7 736.6

      324.7 736.6

      324.7 736.6

      324.7 736.6

      324.7 736.6

      324.7 736.6

      324.8 736.6

      324.8 736.6

      324.7 736.6

      324.8 736.6

      324.8 736.6

      324.8 736.6

      324.8 736.6

      324.8 736.6

      324.7 736.6

      324.8 736.6

      324.8 736.6

      324.8 736.6

      324.8 736.6

      324.8 736.6

      324.8 736.6

      324.8 736.6

      324.8 736.6

      324.6 736.6

      324.6 736.6

      324.3 736.6

      324.3 736.6

      324.3 736.6

      324.3 736.6

      324.3 736.6

      324.3 736.6

      324.3 736.6

      324.3 736.6

      324.3 736.6

      324.3 736.6

      324.4 736.6

      324.3 736.6

      324.3 736.6

      324.3 736.6

      324.2 736.6

      324.2 736.6

      324.2 736.6

      324.2 736.6

      324.2 736.6

      324.2 736.6

      323.9 736.6

      323.8 736.6

      323.9 736.6

      323.9 736.6

      323.9 736.6

      323.8 736.6

      323.8 736.6

      323.8 736.6

      323.8 736.6

      323.8 736.6

      323.9 736.6

      323.8 736.6

      323.8 736.6

      323.8 736.6

      323.7 736.6

      323.9 736.6

      323.8 736.6

      323.8 736.6

      323.8 736.6

      323.8 736.6

      323.8 736.6

      323.8 736.6

      323.8 736.6

      323.8 736.6

      323.8 736.6

      323.7 736.6

      323.8 736.6

      323.8 736.6

      323.8 736.6

      323.8 736.6

      323.8 736.6

      323.8 736.6

      323.8 736.6

      323.7 736.6

      323.7 736.6

      323.7 736.6

      323.7 736.6

      323.7 736.6

      323.8 736.6

      323.7 736.6

      323.8 736.6

      323.7 736.6

      323.7 736.6

      323.7 736.6

      323.7 736.6

      323.7 736.6

      323.7 736.6

      323.7 736.6

      323.7 736.6

      323.7 736.6

      323.7 736.6

      324.2 736.6

      323.7 736.6

      323.8 736.6

      323.8 736.6

      323.8 736.6

      323.8 736.6

      323.7 736.6

      323.8 736.6

      324.3 736.6

      323.8 736.6

      323.8 736.6

      323.8 736.6

      323.8 736.6

      323.8 736.6

      323.8 736.6

      324.3 736.6

      323.8 736.6

      323.8 736.6

      323.8 736.6

      323.8 736.6

      323.8 736.6

      323.7 736.6

      323.8 736.6

      323.9 736.6

      324.5 736.6

      323.8 736.6

      323.8 736.6

      323.8 736.6

      323.9 736.7

      322.4 736.7

      322.4 736.7

      322.3 736.7

      322.3 736.7

      322.4 736.7

      322.3 736.7

      322.4 736.7

      322.4 736.7

      322.3 736.7

      322.4 736.7

      322.4 736.7

      322.3 736.7

      322.3 736.7

      322.3 736.7

      322.3 736.7

      322.3 736.7

      322.3 736.7

      322.3 736.7

      322.3 736.7

      322.3 736.7

      322.2 736.7

      322.3 736.7

      322.4 736.7

      322.3 736.7

      322.3 736.7

      322.4 736.7

      322.3 736.7

      322.3 736.7

      322.3 736.7

      322.3 736.7

      322.3 736.7

      322.3 736.7

      322.3 736.7

      322.3 736.7

      322.3 736.7

      322.3 736.7

      322.3 736.7

      322.3 736.7

      322.3 736.7

      322.3 736.7

      322.3 736.7

      322.3 736.7

      322.3 736.7

      322.3 736.7

      322.3 736.7

      322.3 736.7

      322.3 736.7

      322.2 736.7

      322.2 736.7

      322.2 736.7

      322.2 736.7

      322.2 736.7

      321.2 736.7

      321.2 736.7

      321.2 736.7

      321.2 736.7

      321.2 736.7

      321.2 736.7

      321.2 736.7

      321.9 736.7

      322.0 736.7

      322.1 736.7

      322.1 736.7

      322.2 736.7

      322.2 736.7

      322.2 736.7

      322.2 736.7

      322.2 736.7

      322.2 736.7

      322.2 736.7

      322.2 736.7

      322.2 736.7

      322.2 736.7

      322.2 736.7

      322.2 736.7

      322.2 736.7

      322.2 736.7

      322.2 736.7

      322.2 736.7

      322.2 736.7

      322.2 736.7

      322.2 736.7

      322.2 736.7

      322.2 736.7

      322.2 736.7

      322.2 736.7

      322.2 736.7

      322.2 736.7

      322.2 736.7

      322.2 736.7

      322.2 736.7

      322.2 736.7

      322.8 736.7

      322.8 736.7

      322.8 736.7

      322.8 736.7

      322.8 736.7

      322.8 736.7

      322.8 736.7

      322.8 736.7

      322.8 736.7

      322.8 736.7

      322.8 736.7

      322.8 736.7

      322.8 736.7

      322.8 736.7

      322.8 736.7

      322.8 736.7

      322.8 736.7

      322.8 736.7

      322.7 736.7

      322.7 736.7

      322.8 736.7

      322.8 736.7

      322.8 736.7

      322.8 736.7

      322.8 736.7

      322.7 736.7

      322.8 736.7

      322.8 736.7

      321.0 736.7

      317.6 736.7

      313.5 736.7

      309.4 736.7

      304.6 736.7

      299.3 736.7

      293.5 736.7

      286.9 736.7

      279.6 736.7

      271.3 736.7

      263.7 736.7

      253.4 736.7

      243.3 736.7

      232.1 736.7

      219.4 736.7

      206.3 736.7

      193.3 736.7

      177.9 736.7

      160.8 736.7

      143.2 736.7

      124.8 736.7

      105.6 736.7

      85.3 736.7

      69.4 736.7

      52.5 736.7

      33.2 736.7

      16.4 736.7

      6.3 730.6

      5.7 713.6

      6.4 696.5

      7.1 674.6

      6.6 643.6

      6.7 617.1

      4.4 587.3

      5.5 547.4

      6.1 508.6

      6.4 460.0

      5.0 397.8

      4.4 348.6

      4.5 320.3

      5.2 292.9

      4.5 249.4

      7.8 197.2

      6.6 150.0

      4.3 106.1

      4.4 61.1

      5.5 26.6

      6.5 4.9

      9.2 0.0

      4.4 0.0

      5.1 9.9

      5.9 0.0

      8.1 0.0

      5.8 0.0

      6.6 0.0

      6.5 0.0

      5.2 0.0

      6.1 0.0

      5.5 0.0

      6.2 1.1

      5.6 0.0

      4.3 0.7

      5.7 16.2

      6.2 30.4

      5.5 0.0

      6.3 4.1

      6.3 0.0

      5.7 3.4

      4.8 0.0

      6.1 8.4

      6.1 0.0

      7.1 28.8

      6.9 12.2

      7.4 0.0

      5.3 33.7

      6.4 20.1

      7.7 11.2

      6.9 0.0

      6.6 41.0

      7.0 26.5

      6.4 19.0

      7.1 9.5

      6.6 3.7

      7.8 0.0

      5.9 33.3

      5.3 23.5

      5.3 16.3

      5.4 12.0

      5.8 5.4

      4.9 0.0

      5.8 36.8

      5.3 32.3

      6.2 27.8

      5.3 25.3

      5.4 21.1

      5.0 17.7

      4.6 14.9

      5.8 10.1

      5.0 4.8

      5.5 0.0

      6.4 0.0

      5.6 37.4

      5.5 32.2

      5.8 86.7

      26.8 86.7

      135.3 381.0

      246.3 614.7

      332.7 729.7

      332.8 729.7

      332.8 729.7

      332.8 729.7

      332.8 729.7

      332.8 729.7

      332.8 729.7

      332.8 729.7

      332.9 729.7

      332.9 729.7

      332.9 729.7

      332.6 729.7

      332.7 729.7

      332.7 729.7

      332.7 729.7

      332.7 729.7

      332.6 729.7

      332.7 729.7

      332.7 729.7

      332.7 729.7

      332.7 729.7

      332.7 729.7

      332.6 729.7

      332.6 729.7

      332.6 729.7

      332.6 729.7

      332.6 729.7

      332.6 729.7

      332.6 729.7

      332.5 729.7

      332.5 729.7

      332.5 729.7

      332.5 729.7

      332.5 729.7

      332.5 729.7

      332.5 729.7

      332.5 729.7

      332.5 729.7

      332.5 729.7

      332.5 729.7

      332.5 729.7

      332.5 729.7

      332.5 729.7

      332.5 729.7

      332.5 729.7

      332.5 729.7

      332.4 729.7

      332.3 729.7

      332.4 729.7

      332.4 729.7

      332.4 729.7

      332.4 729.7

      332.4 729.7

      332.4 729.7

      332.3 729.7

      332.3 729.7

      332.4 729.7

      332.4 729.7

      332.4 729.7

      332.4 729.7

      332.4 729.7

      332.4 729.7

      332.4 729.7

      332.3 729.7

      332.4 729.7

      332.3 729.7

      332.3 729.7

      332.3 729.7

      332.3 729.7

      333.2 729.7

      333.1 729.7

      332.5 729.7

      332.3 729.7

      332.3 729.7

      332.3 729.7

      332.3 729.7

      332.3 729.7

      332.3 729.7

      332.3 729.7

      332.3 729.7

      332.3 729.7

      332.3 729.7

      333.4 729.7

      332.3 729.7

      332.5 729.7

      333.0 729.7

      332.3 729.7

      332.3 729.7

      332.3 729.7

      332.3 729.7

      332.3 729.7

      332.3 729.7

      332.4 729.7

      332.4 729.7

      332.4 729.7

      332.4 729.7

      332.4 729.7

      332.4 729.7

      332.4 729.7

      332.4 729.7

      332.4 729.7

      332.4 729.7

      332.4 729.7

      332.4 729.7

      332.4 729.7

      332.4 729.7

      332.4 729.7

      332.4 729.7

      332.4 729.7

      332.4 729.7

      332.4 729.7

      332.4 729.7

      332.4 729.7

      332.4 729.7

      332.4 729.7

      332.4 729.7

      332.4 729.7

      332.4 729.7

      332.3 729.7

      332.4 729.7

      332.4 729.7

      332.4 729.7

      332.4 729.7

      332.4 729.7

      332.4 729.7

      332.4 729.7

      332.4 729.7

      332.4 729.7

      332.4 729.7

      332.4 729.7

      332.4 729.7

      332.8 729.7

      332.4 729.7

      332.9 729.7

      332.4 729.7

      332.4 729.7

      332.4 729.7

      332.4 729.7

      332.4 729.7

      332.4 729.7

      332.3 729.7

      332.3 729.7

      332.3 729.7

      332.4 729.7

      332.4 729.7

      332.4 729.7

      332.3 729.7

      332.3 729.7

      332.4 729.7

      332.4 729.7

      332.3 729.7

      330.9 730.0

      331.0 730.0

      330.9 730.0

      330.6 730.0

      330.6 730.0

      330.6 730.0

      330.6 730.0

      330.6 730.0

      330.6 730.0

      330.6 730.0

      330.6 730.0

      330.6 730.0

      330.6 730.0

      330.6 730.0

      330.6 730.0

      330.6 730.0

      330.6 730.0

      330.6 730.0

      330.6 730.0

      330.6 730.0

      330.6 730.0

      330.6 730.0

      330.6 730.0

      330.6 730.0

      330.6 730.0

      330.6 730.0

      330.6 730.0

      330.6 730.0

      330.6 730.0

      330.6 730.0

      330.6 730.0

      330.6 730.0

      330.6 730.0

      330.7 730.0

      330.7 730.0

      330.6 730.0

      330.6 730.0

      330.7 730.0

      330.6 730.0

      330.7 730.0

      330.7 730.0

      330.6 730.0

      330.7 730.0

      330.7 730.0

      330.6 730.0

      330.7 730.0

      330.7 730.0

      330.7 730.0

      330.6 730.0

      330.6 730.0

      330.7 730.0

      330.6 730.0

      330.6 730.0

      330.7 730.0

      330.7 730.0

      330.7 730.0

      330.7 730.0

      330.6 730.0

      330.7 730.0

      330.7 730.0

      330.6 730.0

      330.6 730.0

      330.6 730.0

      330.7 730.0

      330.6 730.0

      330.7 730.0

      330.6 730.0

      330.6 730.0

      330.6 730.0

      330.6 730.0

      330.6 730.0

      330.6 730.0

      330.6 730.0

      330.6 730.0

      330.6 730.0

      330.6 730.0

      330.6 730.0

      330.6 730.0

      330.6 730.0

      330.6 730.0

      330.6 730.0

      330.6 730.0

      330.7 730.0

      330.6 730.0

      330.6 730.0

      330.7 730.0

      330.6 730.0

      330.6 730.0

      330.6 730.0

      330.6 730.0

      330.6 730.0

      330.6 730.0

      330.6 730.0

      330.6 730.0

      330.6 730.0

      330.6 730.0

      330.6 730.0

      330.6 730.0

      330.6 730.0

      330.6 730.0

      330.6 730.0

      330.6 730.0

      330.6 730.0

      330.6 730.0

      330.6 730.0

      330.6 730.0

      330.6 730.0

      330.6 730.0

      330.6 730.0

      330.6 730.0

      330.6 730.0

      330.6 730.0

      330.6 730.0

      330.6 730.0

      330.6 730.0

      330.6 730.0

      330.6 730.0

      330.6 730.0

      330.6 730.0

      330.6 730.0

      330.6 730.0

      330.6 730.0

      330.6 730.0

      330.6 730.0

      330.6 730.0

      330.7 730.0

      330.6 730.0

      330.6 730.0

      330.6 730.0

      330.7 730.0

      330.6 730.0

      330.7 730.0

      330.7 730.0

      330.6 730.0

      330.7 730.0

      330.6 730.0

      330.6 730.0

      330.6 730.0

      330.7 730.0

      330.7 730.0

      330.6 730.0

      330.6 730.0

      330.5 730.0

      330.5 730.0

      330.5 730.0

      329.6 730.0

      329.5 730.0

      329.6 730.0

      329.6 730.0

      329.5 730.0

      329.6 730.0

      330.5 730.0

      330.5 730.0

      330.5 730.0

      330.5 730.0

      330.5 730.0

      330.5 730.0

      330.2 730.0

      330.2 730.0

      330.3 730.0

      330.2 730.0

      330.3 730.0

      330.2 730.0

      330.2 730.0

      330.2 730.0

      330.2 730.0

      330.2 730.0

      330.2 730.0

      330.2 730.0

      330.2 730.0

      330.2 730.0

      330.2 730.0

      330.2 730.0

      330.2 730.0

      330.2 730.0

      330.2 730.0

      330.1 730.0

      330.1 730.0

      330.2 730.0

      330.2 730.0

      330.2 730.0

      330.2 730.0

      330.1 730.0

      330.1 730.0

      330.1 730.0

      330.1 730.0

      330.1 730.0

      330.1 730.0

      323.9 730.0

      323.9 730.0

      323.8 730.0

      323.9 730.0

      323.9 730.0

      323.9 730.0

      323.8 730.0

      323.8 730.0

      323.8 730.0

      323.8 730.0

      323.7 730.0

      323.8 730.0

      323.8 730.0

      323.8 730.0

      323.8 730.0

      323.7 730.0

      323.8 730.0

      323.8 730.0

      323.7 730.0

      323.8 730.0

      323.8 730.0

      323.8 730.0

      323.8 730.0

      323.7 730.0

      323.8 730.0

      323.8 730.0

      323.9 730.0

      323.8 730.0

      323.9 730.0

      323.7 730.0

      323.8 730.0

      323.8 730.0

      323.7 730.0

      323.9 730.0

      323.9 730.0

      323.9 730.0

      323.8 730.0

      323.8 730.0

      323.3 730.0

      323.3 730.0

      323.3 730.0

      323.3 730.0

      323.4 730.0

      323.4 730.0

      323.3 730.0

      323.4 730.0

      323.3 730.0

      323.3 730.0

      312.5 730.0

      312.5 730.0

      312.5 730.0

      312.5 730.0

      312.5 730.0

      312.5 730.0

      312.5 730.0

      312.5 730.0

      312.5 730.0

      312.5 730.0

      311.3 730.0

      311.2 730.0

      311.3 730.0

      311.2 730.0

      311.2 730.0

      311.2 730.0

      311.3 730.0

      311.2 730.0

      311.2 730.0

      311.2 730.0

      311.2 730.0

      311.2 730.0

      311.2 730.0

      311.2 730.0

      311.2 730.0

      311.2 730.0

      311.2 730.0

      311.2 730.0

      311.2 730.0

      311.2 730.0

      310.1 730.0

      310.3 730.0

      310.3 730.0

      310.3 730.0

      310.3 730.0

      310.3 730.0

      310.4 730.0

      314.0 730.0

      313.9 730.0

      313.9 730.0

      313.9 730.0

      314.0 730.0

      313.9 730.0

      314.0 730.0

      313.9 730.0

      313.9 730.0

      315.0 730.0

      314.6 730.0

      314.5 730.0

      314.6 730.0

      313.9 730.0

      314.0 730.0

      313.9 730.0

      314.0 730.0

      313.9 730.0

      313.9 730.0

      313.9 730.0

      314.0 730.0

      313.9 730.0

      313.9 730.0

      313.9 730.0

      313.9 730.0

      313.9 730.0

      313.9 730.0

      313.9 730.0

      313.9 730.0

      313.9 730.0

      313.9 730.0

      314.0 730.0

      314.0 730.0

      314.0 730.0

      314.0 730.0

      314.0 730.0

      314.0 730.0

      314.0 730.0

      314.0 730.0

      314.0 730.0

      314.0 730.0

      314.0 730.0

      314.0 730.0

      314.0 730.0

      314.0 730.0

      314.0 730.0

      314.0 730.0

      314.0 730.0

      314.0 730.0

      314.0 730.0

      314.0 730.0

      314.0 730.0

      314.0 730.0

      314.0 730.0

      314.0 730.0

      314.0 730.0

      314.0 730.0

      314.0 730.0

      313.7 730.0

      313.7 730.0

      313.7 730.0

      313.7 730.0

      313.7 730.0

      313.7 730.0

      313.8 730.0

      313.7 730.0

      313.7 730.0

      313.5 730.0

      313.6 730.0

      313.6 730.0

      312.2 730.0

      312.2 730.0

      312.2 730.0

      312.2 730.0

      312.2 730.0

      312.2 730.0

      312.2 730.0

      312.2 730.0

      312.2 730.0

      312.2 730.0

      312.2 730.0

      312.2 730.0

      312.2 730.0

      312.2 730.0

      312.2 730.0

      312.2 730.0

      312.2 730.0

      312.2 730.0

      312.2 730.0

      312.2 730.2

      299.7 731.0

      299.9 731.0

      299.9 731.0

      299.7 731.0

      300.1 731.0

      299.7 731.0

      299.7 731.0

      299.9 731.0

      299.7 731.0

      299.7 731.0

      299.7 731.0

      299.7 731.0

      299.7 731.0

      299.7 731.0

      299.7 731.0

      299.7 731.0

      299.7 731.0

      299.7 731.0

      299.7 731.0

      299.7 731.0

      299.7 731.0

      299.7 731.0

      299.7 731.0

      299.7 731.0

      299.7 731.0

      299.7 731.0

      299.7 731.0

      299.7 731.0

      299.7 731.0

      299.6 731.0

      299.7 731.0

      299.6 731.0

      299.7 731.0

      299.7 731.0

      299.7 731.0

      299.7 731.0

      299.7 731.0

      297.1 731.5

      296.8 731.5

      296.8 731.5

      296.8 731.5

      295.5 732.0

      285.2 732.5

      283.8 732.5

      283.9 732.5

      283.8 732.5

      283.8 732.5

      283.8 732.5

      283.8 732.5

      283.8 732.5

      283.8 732.5

      283.8 732.5

      283.8 732.5

      283.8 732.5

      283.8 732.5

      283.8 732.5

      283.8 732.5

      283.8 732.5

      283.8 732.5

      283.8 732.5

      283.8 732.5

      283.8 732.5

      281.9 732.5

      281.2 732.5

      281.2 732.5

      281.2 732.5

      281.2 732.5

      281.2 732.5

      281.2 732.5

      281.3 732.5

      281.2 732.5

      281.2 732.5

