TIME MEM VIRT RES SHR CPU FREE SWAP
0:00.10 0.7 223280 3600 2792 47.1 249.9 745.0

0:00.58 1.4 226712 7032 2792 52.9 244.7 745.0

0:00.88 1.9 228956 9408 2792 44.4 240.4 745.0

0:01.19 2.4 231200 11520 2792 43.8 236.0 745.1

0:01.52 2.9 233576 13896 2792 50.0 233.0 745.1

0:01.86 3.4 235952 16536 2792 52.9 228.0 745.1

0:02.18 3.8 238196 18648 2792 50.0 223.8 745.1

0:02.48 4.3 240308 20760 2792 47.1 219.5 745.1

0:02.79 4.7 242552 22872 2792 41.2 215.2 745.1

0:03.11 5.2 244796 25248 2792 50.0 211.4 745.1

0:03.41 5.6 247040 27360 2792 43.8 206.5 745.1

0:03.74 6.1 249416 29736 2792 55.6 201.1 745.1

0:04.05 6.6 251660 32112 2792 47.4 196.4 745.1

0:04.35 7.0 253772 34224 2792 50.0 193.9 745.1

0:04.68 7.5 256148 36600 2792 47.1 188.3 745.1

0:04.99 8.0 258392 38976 2792 50.0 184.6 745.1

0:05.31 8.5 260768 41088 2792 56.2 180.3 745.1

0:05.61 8.9 263012 43464 2792 44.4 173.8 745.1

0:05.94 9.4 265256 45576 2792 56.2 170.3 745.1

0:06.24 9.9 267500 47952 2792 41.2 165.9 745.1

0:06.56 10.4 269876 50328 2792 47.1 160.3 745.1

0:06.89 10.8 272384 52704 2792 52.9 155.8 745.1

0:07.18 11.3 274496 54816 2792 50.0 151.6 745.1

0:07.50 11.8 276872 57192 2792 41.2 147.0 745.1

0:07.81 12.3 279116 59568 2792 43.8 142.5 745.1

0:08.15 12.7 281624 61944 2792 47.1 138.2 745.1

0:08.44 13.2 283736 64320 2792 44.4 135.0 745.1

0:08.75 13.7 286112 66432 2792 50.0 130.6 745.1

0:09.06 14.2 288356 68808 2792 47.1 125.5 745.1

0:09.39 14.6 290732 71184 2792 41.2 120.8 745.1

0:09.74 15.1 293240 73560 2792 50.0 115.6 745.1

0:10.05 15.6 295616 75936 2792 53.3 111.0 745.1

0:10.38 16.1 297860 78312 2792 50.0 106.7 745.1

0:10.69 16.5 300104 80424 2792 53.3 102.3 745.1

0:11.02 17.1 302480 83064 2792 52.9 97.6 745.1

0:11.34 17.5 304856 85176 2792 44.4 93.6 745.1

0:11.67 18.1 307364 87816 2792 50.0 88.3 745.1

0:12.00 18.6 309740 90192 2792 50.0 83.6 745.1

0:12.34 19.0 312248 92568 2792 50.0 79.6 745.1

0:12.66 19.5 314624 94944 2792 50.0 75.0 745.1

0:12.98 20.0 317000 97320 2792 47.1 69.9 745.1

0:13.30 20.5 319244 99696 2792 56.2 65.5 745.1

0:13.62 21.0 321488 102072 2792 47.1 61.1 745.1

0:13.93 21.4 323864 104184 2792 47.1 57.3 745.1

0:14.26 21.9 326108 106560 2792 52.9 53.7 745.1

0:14.59 22.4 328484 108936 2792 50.0 48.7 745.1

0:14.90 22.9 330728 111312 2792 43.8 44.2 745.1

0:15.25 23.4 333236 113688 2792 41.2 40.3 745.1

0:15.59 23.9 335612 116064 2792 52.9 36.7 745.1

0:15.92 24.3 337856 118176 2792 47.4 31.5 745.1

0:16.23 24.8 340100 120552 2792 44.4 26.1 745.1

0:16.56 25.3 342476 122928 2792 47.1 22.0 745.1

0:16.88 25.7 344720 125040 2792 50.0 17.4 745.1

0:17.20 26.2 346964 127416 2792 53.3 13.8 745.1

0:17.51 26.6 349208 129528 2792 44.4 10.5 745.1

0:17.84 27.1 351452 131904 2792 50.0 8.4 745.1

0:18.16 27.6 353696 134016 2792 50.0 9.0 745.1

0:18.48 28.1 356072 136392 2792 44.4 5.3 744.9

0:18.84 28.6 358580 139032 2792 56.2 5.0 744.9

0:19.16 29.1 360956 141408 2792 50.0 8.2 744.9

0:19.49 29.5 363200 143520 2792 52.9 9.7 744.9

0:19.83 30.1 365708 146160 2792 50.0 10.1 744.9

0:20.14 30.5 367820 148268 2792 50.0 5.3 744.6

0:20.45 30.9 370064 150276 2792 43.8 5.2 744.3

0:20.77 31.4 372308 152480 2792 47.1 4.9 743.6

0:21.07 31.7 374552 154232 2792 46.7 7.6 743.1

0:21.38 32.2 376796 156360 2792 41.2 8.1 742.6

0:21.71 32.6 379040 158472 2792 47.4 7.7 741.9

0:22.03 33.0 381416 160248 2792 50.0 8.0 740.6

0:22.36 33.3 383792 161996 2792 47.1 10.1 739.1

0:22.67 33.6 386036 163524 2792 43.8 8.0 738.1

0:23.00 34.0 388280 165336 2792 50.0 9.8 735.4

0:23.32 34.2 390656 166060 2792 50.0 9.1 731.4

0:23.63 34.2 392900 166320 2792 50.0 7.5 731.4

0:23.98 34.7 395276 168688 2784 52.9 8.2 730.4

0:24.29 35.0 397388 170204 2664 52.9 8.7 724.9

0:24.60 34.8 399632 169396 2664 43.8 6.0 723.6

0:24.92 35.2 401876 171244 2648 52.9 7.2 721.4

0:25.18 35.2 403856 171228 2640 37.5 7.6 717.6

0:25.48 35.4 405968 172044 2640 46.7 8.4 715.2

0:25.81 35.3 408212 171712 2640 38.9 7.6 710.1

0:26.13 35.5 410456 172588 2640 50.0 6.9 703.1

0:26.43 35.2 412568 171124 2640 47.1 7.4 702.6

0:26.74 35.3 414680 171616 2640 47.4 5.5 696.4

0:27.03 35.3 416792 171796 2640 43.8 7.1 693.6

0:27.34 35.5 419036 172776 2640 46.7 7.9 693.6

0:27.64 35.5 421148 172568 2640 44.4 8.1 682.4

0:27.95 35.2 423260 171188 2640 47.1 7.7 679.1

0:28.27 35.3 425504 171492 2640 47.1 6.7 677.4

0:28.57 35.6 427748 172984 2640 40.0 8.3 673.9

0:28.88 35.6 429860 173272 2640 50.0 6.2 669.6

0:29.19 35.7 432236 173504 2640 50.0 8.1 664.1

0:29.52 35.5 434480 172660 2640 50.0 6.7 660.1

0:29.85 35.6 436856 173000 2640 44.4 7.6 656.9

0:30.17 35.7 439100 173620 2640 43.8 7.8 651.4

0:30.50 35.6 441344 173112 2640 53.3 8.0 648.4

0:30.81 35.3 443588 171572 2640 47.4 6.9 637.4

0:31.12 35.0 445832 170176 2640 44.4 7.2 637.4

0:31.44 35.5 448076 172552 2640 47.1 8.0 635.4

0:31.76 35.8 450452 173864 2640 47.1 7.8 631.7

0:32.06 35.8 452564 174004 2640 50.0 7.3 627.1

0:32.36 35.7 454676 173720 2640 46.7 7.2 621.0

0:32.66 35.5 456788 172712 2640 50.0 7.8 618.9

0:32.97 35.7 458900 173696 2640 52.9 8.9 615.4

0:33.28 35.8 461144 173968 2640 50.0 8.2 607.9

0:33.59 35.5 463388 172424 2640 43.8 8.7 607.9

0:33.91 35.9 465632 174332 2640 47.1 6.8 601.9

0:34.24 35.7 468008 173708 2640 47.4 8.4 600.4

0:34.55 35.4 470252 172088 2640 44.4 6.3 594.1

0:34.85 35.8 472364 174200 2640 38.9 8.2 590.8

0:35.19 36.0 474740 174956 2640 41.2 6.7 584.1

0:35.49 35.7 476852 173484 2640 43.8 5.4 580.1

0:35.82 35.7 479228 173768 2640 50.0 6.5 576.1

0:36.12 35.7 481076 173592 2640 53.3 6.8 573.4

0:36.43 35.5 483188 172772 2640 38.9 6.1 568.4

0:36.74 35.7 485300 173740 2640 47.1 7.2 558.9

0:37.03 35.2 487280 170928 2640 50.0 6.0 558.9

0:37.33 35.6 489524 173040 2640 43.8 6.3 556.4

0:37.66 35.8 491900 174080 2640 50.0 7.5 549.4

0:37.99 35.5 494276 172804 2640 52.9 8.4 548.9

0:38.30 35.9 496388 174600 2640 42.1 8.4 543.6

0:38.61 35.8 498632 174092 2640 47.1 8.6 540.6

0:38.93 35.9 500876 174328 2640 44.4 8.1 533.1

0:39.25 35.6 503120 173068 2640 53.3 8.4 533.1

0:39.56 35.9 505364 174600 2640 47.1 7.7 527.1

0:39.85 35.9 507476 174444 2640 38.9 7.4 524.1

0:40.18 36.0 509720 174988 2640 50.0 7.9 516.1

0:40.46 35.6 511700 173004 2640 44.4 6.6 512.9

0:40.76 35.7 513812 173484 2640 41.2 6.9 509.9

0:41.08 35.6 515924 172928 2640 50.0 5.7 507.9

0:41.38 35.9 518036 174752 2640 50.0 4.9 503.6

0:41.68 36.0 520148 174936 2640 47.4 5.2 498.1

0:41.99 35.8 522260 174236 2640 43.8 5.0 496.2

0:42.30 35.8 524504 174092 2640 50.0 5.0 491.6

0:42.60 35.7 526616 173380 2640 41.2 5.9 487.9

0:42.91 35.7 528860 173336 2640 42.1 6.9 483.6

0:43.22 35.8 530972 174068 2640 47.1 5.3 474.1

0:43.51 35.5 533084 172712 2640 41.2 7.1 474.1

0:43.82 36.0 535328 174824 2640 44.4 5.0 468.6

0:44.11 35.8 537440 174036 2640 46.7 8.7 462.9

0:44.40 35.6 539552 173128 2640 43.8 5.7 458.9

0:44.73 35.7 541796 173544 2640 53.3 8.7 452.4

0:45.01 35.4 543776 171952 2640 35.3 8.4 452.4

0:45.32 35.9 546020 174328 2640 46.7 8.7 447.9

0:45.65 35.9 548396 174380 2640 50.0 8.0 441.4

0:45.97 35.6 550640 173112 2640 50.0 7.2 437.6

0:46.26 35.6 552752 173268 2640 50.0 9.6 432.9

0:46.56 35.6 554864 172868 2640 43.8 5.6 432.6

0:46.87 35.9 557108 174412 2640 37.5 7.7 424.9

0:47.20 34.9 559352 169536 2640 36.8 7.9 417.6

0:47.52 35.4 561596 171912 2640 46.7 7.9 415.6

0:47.83 35.6 563840 172880 2640 46.7 9.9 408.4

0:48.14 35.2 565952 171376 2640 50.0 5.5 406.9

0:48.44 35.5 568064 172612 2640 47.1 9.5 403.1

0:48.74 35.5 570176 172704 2640 38.9 7.4 400.6

0:49.04 35.7 571892 173332 2640 47.1 6.5 395.9

0:49.34 35.6 574004 173056 2640 46.7 8.7 392.9

0:49.68 35.7 576380 173772 2640 50.0 9.2 389.9

0:49.98 35.9 578492 174372 2640 38.9 7.1 383.6

0:50.31 35.7 580868 173564 2640 47.1 8.2 381.1

0:50.61 35.9 582980 174368 2640 41.2 9.0 373.6

0:50.93 35.5 585224 172612 2640 47.1 5.8 366.6

0:51.27 35.2 587600 171312 2640 52.9 8.4 366.6

0:51.58 35.7 589844 173688 2640 47.1 8.0 363.1

0:51.89 35.8 592088 173992 2640 47.1 8.1 358.4

0:52.20 35.6 594200 173156 2640 41.2 9.7 353.6

0:52.53 35.7 596576 173532 2640 50.0 8.4 349.4

0:52.85 35.7 598820 173688 2640 52.6 7.2 340.4

0:53.15 35.2 600932 171144 2640 46.7 6.5 340.4

0:53.46 35.6 603176 173256 2640 43.8 7.4 338.6

0:53.77 35.5 605288 172840 2640 41.2 6.5 331.4

0:54.06 35.5 607268 172768 2640 41.2 6.1 330.6

0:54.37 35.8 609512 173900 2640 47.1 5.7 326.4

0:54.69 35.6 611624 173116 2640 47.1 7.1 319.9

0:54.97 35.6 613604 173088 2640 38.9 7.0 317.9

0:55.28 35.8 615848 174204 2640 46.7 8.2 315.6

0:55.58 36.0 617960 175056 2640 47.1 6.3 310.1

0:55.90 35.9 620204 174600 2640 52.9 8.3 307.3

0:56.21 36.0 622448 175236 2640 44.4 7.9 303.1

0:56.52 35.7 624692 173508 2640 47.1 6.7 296.7

0:56.82 35.4 626672 172300 2640 43.8 6.3 292.7

0:57.14 35.8 628916 174228 2640 50.0 8.2 288.8

0:57.43 35.7 631028 173760 2640 44.4 8.5 282.1

0:57.74 35.6 633140 172980 2640 38.9 7.6 280.1

0:58.07 35.5 635516 172484 2640 45.0 6.2 275.7

0:58.36 35.8 637496 173844 2640 46.7 6.5 269.9

0:58.68 35.6 639740 173148 2640 38.9 5.1 267.9

0:59.01 35.9 642116 174320 2640 38.9 7.8 265.1

0:59.29 35.6 644096 173184 2640 41.2 5.9 259.6

0:59.61 35.9 646472 174392 2640 42.1 5.7 255.0

0:59.91 35.8 648584 174040 2640 43.8 6.9 247.0

1:00.27 35.5 651092 172444 2640 47.1 8.0 247.0

1:00.58 35.6 653468 173208 2640 38.9 9.0 240.9

1:00.89 35.8 655580 173836 2640 47.4 9.1 237.1

1:01.22 35.8 657824 174276 2640 50.0 8.3 233.9

1:01.52 35.3 660068 171636 2640 38.9 6.4 227.8

1:01.83 35.7 662180 173568 2640 46.7 7.5 219.9

1:02.18 35.3 664688 171784 2640 52.9 7.8 217.1

1:02.48 35.5 666800 172428 2640 43.8 7.7 211.3

1:02.78 35.3 668912 171492 2640 41.2 8.3 211.3

1:03.10 35.7 671156 173812 2640 50.0 6.4 207.2

1:03.44 35.8 673532 174104 2640 55.6 8.3 200.4

1:03.73 35.5 675644 172532 2640 38.9 7.9 200.4

1:04.05 35.6 677888 173208 2640 41.2 8.0 193.1

1:04.36 35.7 680132 173356 2640 36.8 6.7 186.6

1:04.67 35.4 682376 172132 2640 43.8 7.0 183.4

1:04.96 35.5 684356 172520 2640 40.0 5.8 178.4

1:05.26 35.4 686468 171980 2640 43.8 6.2 177.5

1:05.58 35.7 688712 173704 2640 40.0 5.0 173.2

1:05.88 35.6 690560 173256 2640 47.1 4.6 171.4

1:06.16 35.8 692540 174236 2640 43.8 5.0 165.5

1:06.47 35.7 694652 173576 2640 47.4 4.7 161.9

1:06.77 35.7 696764 173620 2640 53.3 5.8 156.1

1:07.08 35.6 698876 172888 2640 50.0 6.7 152.4

1:07.36 35.6 700988 173124 2640 46.7 5.6 151.2

1:07.66 35.9 703100 174500 2640 47.1 9.1 144.0

1:07.97 35.5 705212 172816 2640 46.7 5.2 142.4

1:08.28 35.7 707456 173652 2640 46.7 6.0 131.8

1:08.60 35.1 709700 170856 2640 47.1 5.7 126.7

1:08.89 35.0 711812 170340 2640 37.5 5.3 126.7

1:09.21 35.5 714056 172452 2640 47.1 4.9 121.1

1:09.51 35.4 716168 171916 2640 38.9 6.5 118.5

1:09.82 35.5 718412 172640 2640 56.2 5.6 116.6

1:10.14 35.7 720392 173748 2640 47.4 5.6 112.6

1:10.43 35.1 722504 170728 2640 43.8 8.5 107.0

1:10.75 35.5 724352 172508 2640 47.1 5.6 105.5

1:11.05 35.7 725936 173380 2640 45.0 9.7 102.6

1:11.36 35.8 727916 173920 2640 50.0 6.4 101.4

1:11.67 35.9 729368 174772 2640 43.8 7.4 92.4

1:11.98 35.3 731084 171844 2640 52.9 5.2 92.4

1:12.27 35.7 732668 173428 2640 41.2 5.7 89.1

1:12.58 35.6 734252 173232 2640 37.5 7.3 84.2

1:12.93 35.6 736364 172848 2640 50.0 8.8 82.8

1:13.24 35.9 738608 174552 2640 50.0 9.4 77.8

1:13.54 35.8 740852 174056 2640 43.8 9.1 72.7

1:13.85 35.4 742964 172304 2640 41.2 6.0 67.5

1:14.17 35.5 745208 172792 2640 41.2 7.7 64.4

1:14.50 35.7 747452 173620 2640 42.1 6.4 62.1

1:14.82 35.5 749696 172532 2640 43.8 10.0 51.8

1:15.15 35.2 752072 171376 2640 50.0 8.1 51.8

1:15.47 35.7 754184 173488 2640 52.9 10.0 46.0

1:15.78 35.6 756428 172920 2640 44.4 7.8 44.0

1:16.10 35.5 758540 172808 2640 47.1 7.8 39.2

1:16.42 35.7 760652 173556 2640 45.0 8.3 35.4

1:16.72 35.7 762764 173780 2640 43.8 8.9 30.1

1:17.05 35.7 765140 173436 2640 52.6 9.3 25.7

1:17.34 35.6 767252 173196 2640 42.1 8.2 23.1

1:17.65 35.8 769364 174020 2640 52.9 8.1 17.4

1:17.95 35.6 771476 173120 2640 47.1 7.8 12.4

1:18.27 35.5 773720 172624 2640 43.8 7.8 9.7

1:18.57 35.4 775832 172024 2640 47.1 6.5 3.4

1:18.88 35.5 777944 172368 2640 47.1 5.0 0.9

1:19.18 35.6 780188 173180 2640 44.4 7.1 0.0

1:19.54 36.0 782564 174956 2588 45.0 5.5 379.2

      139.2 379.2

      135.6 379.2

      131.8 379.2

      128.3 379.2

      125.3 379.2

      121.2 379.2

      118.2 379.2

      115.4 379.2

      111.9 379.2

      109.0 379.2

      105.5 379.2

      101.7 379.2

      98.0 379.2

      94.5 379.2

      90.8 379.2

      87.2 379.2

      83.5 379.2

      79.8 379.2

      74.7 379.2

      71.4 379.2

      67.8 379.2

      64.3 379.2

      62.1 379.2

      57.0 379.2

      53.0 379.2

      49.3 379.2

      47.0 379.2

      42.8 379.2

      39.7 379.2

      35.2 379.2

      30.9 379.2

      27.4 379.2

      24.0 379.2

      20.2 379.2

      5.6 379.2

      8.5 372.4

      5.6 369.6

      10.0 366.1

      6.5 364.9

      5.4 364.5

      5.9 363.3

      8.2 361.1

      10.6 358.3

      7.9 356.9

      5.2 354.6

      5.9 354.6

      6.4 353.2

      7.0 351.3

      5.8 348.8

      7.0 346.1

      7.0 343.8

      5.9 341.9

      5.8 340.3

      6.7 337.5

      5.3 335.1

      7.5 332.2

      7.5 330.1

      8.0 327.7

      5.2 326.6

      5.2 323.8

      6.5 320.2

      8.1 316.6

      8.6 314.1

      7.7 311.3

      5.9 311.3

      6.3 308.4

      6.3 305.7

      5.7 304.1

      5.1 302.6

      5.0 300.7

      4.6 298.2

      4.7 295.5

      5.7 292.3

      5.4 288.9

      6.7 286.2

      6.2 282.8

      7.1 279.7

      5.7 276.0

      5.7 276.0

      5.9 273.7

      5.3 269.3

      4.9 263.7

      5.1 260.5

      4.9 257.0

      6.1 257.0

      7.2 252.8

      9.0 249.0

      6.9 249.0

      7.6 246.5

      8.4 243.8

      5.0 241.2

      7.3 239.2

      6.2 236.4

      9.8 232.3

      8.9 229.4

      9.5 226.2

      8.4 220.4

      7.8 218.3

      8.9 212.4

      8.6 209.2

      7.5 206.7

      8.1 201.9

      8.4 198.2

      8.6 194.8

      8.7 191.8

      8.1 188.9

      8.2 185.0

      7.6 182.3

      7.8 177.7

      7.7 174.9

      8.0 172.3

      8.0 168.1

      7.5 165.2

      7.2 162.7

      6.0 156.6

      5.4 154.1

      5.2 150.0

      7.4 146.1

      8.2 142.9

      7.6 140.5

      7.6 137.6

      7.1 135.1

      7.7 130.0

      8.0 127.1

      6.8 124.8

      6.9 122.1

      5.5 116.2

      5.1 114.3

      7.0 109.7

      5.6 105.5

      5.3 103.5

      7.1 97.2

      8.2 94.0

      8.0 90.4

      9.1 86.8

      7.7 83.2

      8.8 80.1

      5.2 76.5

      5.0 73.8

      5.8 69.5

      5.3 68.3

      8.0 65.2

      7.5 62.4

      5.3 59.4

      5.4 54.5

      5.4 48.7

      7.2 48.7

      5.3 42.9

      5.0 38.8

      5.4 36.9

      7.7 32.5

      5.4 30.7

      8.0 27.6

      6.7 22.9

      6.7 19.6

      5.8 16.3

      5.9 13.6

      5.1 7.4

      5.1 6.9

      5.4 1.1

      5.1 0.0

      329.8 745.5

      321.6 745.5

      321.6 745.5

      321.6 745.5

      320.3 745.5

      320.3 745.5

      320.3 745.5

      320.3 745.5

      320.2 745.5

      320.2 745.5

      320.8 745.5

      320.9 745.5

      320.6 745.5

      320.6 745.5

      320.6 745.5

      320.6 745.5

      320.7 745.5

      320.6 745.5

      320.7 745.5

      320.9 745.5

      320.8 745.5

      320.6 745.5

      320.6 745.5

      320.6 745.5

      320.6 745.5

      320.6 745.5

      320.6 745.5

      320.6 745.5

      320.6 745.5

      320.6 745.5

      320.6 745.5

      320.6 745.5

      320.6 745.5

      320.6 745.5

      320.6 745.5

      320.6 745.5

      320.7 745.5

      320.7 745.5

      320.8 745.5

      320.7 745.5

      320.7 745.5

      320.6 745.5

      320.7 745.5

      320.6 745.5

      320.6 745.5

      320.6 745.5

      320.6 745.5

      320.6 745.5

      320.6 745.5

      320.7 745.5

      320.6 745.5

      320.6 745.5

      320.6 745.5

      320.6 745.5

      320.5 745.6

      320.5 745.6

      320.5 745.6

      320.5 745.6

      320.5 745.6

      320.5 745.6

      320.5 745.6

      320.5 745.6

      320.4 745.6

      320.2 745.7

      320.3 745.7

      320.2 745.7

      320.0 745.7

      319.9 745.7

      319.9 745.7

      319.9 745.7

      319.9 745.7

      319.9 745.7

      319.9 745.7

      319.7 745.7

      319.7 745.7

      319.7 745.7

      319.7 745.7

      319.8 745.7

      319.8 745.7

      319.8 745.7

      319.8 745.7

      319.8 745.7

      319.8 745.7

      319.8 745.7

      319.8 745.7

      319.7 745.7

      319.8 745.7

      319.8 745.7

      319.7 745.7

      319.8 745.7

      319.7 745.7

      319.8 745.7

      319.6 745.7

      319.8 745.7

      319.7 745.7

      319.6 745.7

      319.8 745.7

      319.6 745.7

      319.8 745.7

      319.8 745.7

      319.7 745.7

      319.7 745.7

      319.7 745.7

      319.7 745.7

      319.7 745.7

      319.7 745.7

      319.6 745.7

      319.6 745.7

      319.8 745.7

      319.7 745.7

      319.6 745.7

      319.6 745.7

      319.6 745.7

      319.8 745.7

      319.7 745.7

      319.6 745.7

      319.6 745.7

      319.7 745.7

      319.6 745.7

      319.8 745.7

      319.6 745.7

      319.6 745.7

      319.7 745.7

      319.6 745.7

      319.6 745.7

      319.7 745.7

      319.8 745.7

      319.8 745.7

      319.8 745.7

      319.9 745.7

      319.8 745.7

      319.8 745.7

      319.7 745.7

      319.8 745.7

      319.8 745.7

      319.8 745.7

      319.9 745.7

      319.8 745.7

      319.7 745.7

      319.7 745.7

      319.7 745.7

      319.7 745.7

      319.7 745.7

      319.7 745.7

      319.8 745.7

      319.8 745.7

      319.8 745.7

      319.7 745.7

      319.8 745.7

      319.8 745.7

      319.8 745.7

      319.7 745.7

      319.7 745.7

      319.7 745.7

      319.8 745.7

      319.7 745.7

      319.8 745.7

      319.8 745.7

      319.7 745.7

      319.8 745.7

      319.7 745.7

      319.9 745.7

      319.8 745.7

      319.8 745.7

      319.7 745.7

      319.8 745.7

      319.7 745.7

      319.7 745.7

      319.7 745.7

      319.7 745.7

      319.8 745.7

      319.7 745.7

      319.7 745.7

      319.8 745.7

      319.8 745.7

      319.8 745.7

      319.8 745.7

      319.7 745.7

      319.7 745.7

      319.7 745.7

      319.7 745.7

      319.7 745.7

      319.8 745.7

      319.8 745.7

      319.7 745.7

      319.7 745.7

      319.7 745.7

      319.6 745.7

      319.7 745.7

      319.7 745.7

      319.6 745.7

      319.6 745.7

      319.7 745.7

      319.6 745.7

      319.6 745.7

      319.7 745.7

      319.7 745.7

      319.6 745.7

      319.7 745.7

      319.6 745.7

      319.7 745.7

      319.6 745.7

      319.6 745.7

      319.7 745.7

      319.6 745.7

      319.7 745.7

      319.6 745.7

      319.6 745.7

      319.6 745.7

      319.6 745.7

      319.6 745.7

      319.6 745.7

      319.6 745.7

      319.7 745.7

      319.8 745.7

      319.7 745.7

      319.7 745.7

      319.8 745.7

      319.8 745.7

      319.8 745.7

      319.8 745.7

      319.8 745.7

      319.8 745.7

      319.7 745.7

      319.7 745.7

      319.8 745.7

      319.7 745.7

      319.7 745.7

      319.8 745.7

      318.6 745.7

      318.8 745.7

      318.6 745.7

      318.6 745.7

      318.6 745.7

      318.0 745.7

      318.8 745.7

      319.0 745.7

      319.0 745.7

      318.9 745.7

      319.0 745.7

      319.0 745.7

      319.0 745.7

      318.9 745.7

      319.0 745.7

      318.9 745.7

      319.0 745.7

      319.0 745.7

      319.0 745.7

      319.0 745.7

      319.0 745.7

      318.9 745.7

      319.0 745.7

      319.0 745.7

      319.0 745.7

      319.0 745.7

      319.0 745.7

      319.0 745.7

      319.0 745.7

      318.9 745.7

      319.0 745.7

      319.0 745.7

      319.0 745.7

      319.0 745.7

      318.9 745.7

      319.0 745.7

      319.0 745.7

      318.9 745.7

      318.9 745.7

      318.9 745.7

      319.0 745.7

      319.0 745.7

      318.9 745.7

      318.9 745.7

      318.9 745.7

      318.9 745.7

      318.9 745.7

      318.9 745.7

      318.9 745.7

      318.9 745.7

      318.9 745.7

      319.0 745.7

      319.0 745.7

      318.9 745.7

      318.9 745.7

      318.9 745.7

      318.9 745.7

      318.9 745.7

      319.0 745.7

      319.0 745.7

      319.0 745.7

      318.9 745.7

      318.9 745.7

      318.9 745.7

      319.0 745.7

      318.9 745.7

      318.9 745.7

      318.9 745.7

      318.9 745.7

      318.9 745.7

      318.9 745.7

      318.9 745.7

      318.8 745.7

      318.9 745.7

      318.9 745.7

      320.4 745.7

      319.6 745.7

      319.7 745.7

      319.6 745.7

      319.6 745.7

      319.6 745.7

      319.6 745.7

      319.6 745.7

      319.7 745.7

      319.6 745.7

      319.6 745.7

      319.6 745.7

      319.6 745.7

      320.3 745.7

      319.6 745.7

      319.6 745.7

      319.8 745.7

      319.6 745.7

      319.5 745.7

      319.6 745.7

      319.7 745.7

      319.6 745.7

      319.3 745.7

      319.3 745.7

      319.3 745.7

      319.3 745.7

      319.3 745.7

      319.3 745.7

      319.3 745.7

      319.3 745.7

      319.3 745.7

      319.3 745.7

      319.3 745.7

      319.3 745.7

      319.3 745.7

      319.3 745.7

      319.3 745.7

      319.2 745.7

      319.3 745.7

      319.3 745.7

      319.3 745.7

      319.3 745.7

      319.3 745.7

      319.4 745.7

      319.3 745.7

      319.3 745.7

      316.3 745.7

      316.3 745.7

      316.4 745.7

      316.3 745.7

      316.3 745.7

      316.3 745.7

      316.4 745.7

      316.3 745.7

      316.4 745.7

      316.3 745.7

      316.3 745.7

      316.3 745.7

      316.4 745.7

      316.3 745.7

      316.4 745.7

      316.3 745.7

      316.3 745.7

      316.3 745.7

      316.4 745.7

      316.3 745.7

      316.4 745.7

      317.0 745.7

      315.7 745.7

      315.7 745.7

      315.7 745.7

      315.7 745.7

      315.7 745.7

      315.7 745.7

      315.7 745.7

      316.8 745.7

      316.6 745.7

      316.3 745.7

      316.3 745.7

      316.3 745.7

      317.2 745.7

      316.3 745.7

      316.3 745.7

      316.3 745.7

      316.3 745.7

      316.3 745.7

      316.3 745.7

      316.3 745.7

      316.3 745.7

      316.3 745.7

      316.3 745.7

      316.3 745.7

      316.3 745.7

      316.3 745.7

      316.3 745.7

      316.4 745.7

      316.4 745.7

      316.4 745.7

      315.0 745.7

      314.9 745.7

      314.9 745.7

      314.9 745.7

      314.9 745.7

      314.9 745.7

      314.9 745.7

      314.8 745.7

      314.9 745.7

      314.9 745.7

      314.9 745.7

      314.8 745.7

      314.8 745.7

      314.8 745.7

      314.9 745.7

      314.9 745.7

      315.0 745.7

      314.9 745.7

      314.8 745.7

      314.8 745.7

      314.9 745.7

      314.9 745.7

      314.8 745.7

      314.9 745.7

      314.8 745.7

      314.8 745.7

      314.9 745.7

      314.9 745.7

      314.9 745.7

      314.8 745.7

      314.9 745.7

      314.3 745.7

      314.3 745.7

      314.3 745.7

      314.3 745.7

      314.3 745.7

      314.3 745.7

      314.5 745.7

      314.3 745.7

      314.3 745.7

      314.3 745.7

      314.9 745.7

      314.3 745.7

      314.3 745.7

      314.3 745.7

      314.3 745.7

      314.3 745.7

      314.3 745.7

      314.3 745.7

      314.3 745.7

      314.3 745.7

      314.3 745.7

      314.3 745.7

      314.3 745.7

      314.3 745.7

      314.3 745.7

      314.3 745.7

      314.2 745.7

      314.3 745.7

      314.3 745.7

      314.2 745.7

      314.3 745.7

      314.2 745.7

      314.2 745.7

      314.2 745.7

      314.3 745.7

      314.2 745.7

      314.3 745.7

      314.2 745.7

      314.3 745.7

      314.3 745.7

      314.2 745.7

      314.3 745.7

      314.2 745.7

      314.3 745.7

      314.3 745.7

      314.3 745.7

      314.2 745.7

      314.2 745.7

      314.2 745.7

      314.3 745.7

      314.2 745.7

      314.2 745.7

      314.3 745.7

      314.3 745.7

      314.3 745.7

      314.3 745.7

      314.3 745.7

      314.3 745.7

      314.3 745.7

      314.3 745.7

      314.3 745.7

      314.3 745.7

      314.3 745.7

      315.8 745.7

      314.3 745.7

      314.3 745.7

      314.3 745.7

      314.3 745.7

      314.3 745.7

      314.3 745.7

      314.3 745.7

      314.3 745.7

      314.3 745.7

      314.3 745.7

      314.4 745.7

      314.3 745.7

      314.3 745.7

      314.3 745.7

      314.3 745.7

      314.3 745.7

      314.3 745.7

      314.3 745.7

      314.3 745.7

      314.3 745.7

      314.3 745.7

      314.3 745.7

      314.3 745.7

      314.4 745.7

      314.3 745.7

      314.3 745.7

      314.3 745.7

      314.3 745.7

      314.3 745.7

      314.3 745.7

      314.3 745.7

      314.3 745.7

      314.3 745.7

      314.3 745.7

      314.3 745.7

      314.3 745.7

      314.3 745.7

      314.3 745.7

      314.3 745.7

      314.3 745.7

      314.3 745.7

      314.3 745.7

      314.3 745.7

      314.3 745.7

      314.3 745.7

      314.3 745.7

      314.3 745.7

      314.3 745.7

      314.3 745.7

      314.3 745.7

      314.2 745.7

      314.3 745.7

      314.3 745.7

      314.3 745.7

      314.3 745.7

      314.2 745.7

      314.3 745.7

      314.3 745.7

      314.2 745.7

      314.2 745.7

      314.3 745.7

      314.3 745.7

      314.3 745.7

      314.3 745.7

      314.2 745.7

      314.3 745.7

      314.3 745.7

      314.2 745.7

      314.3 745.7

      314.2 745.7

      314.3 745.7

      314.2 745.7

      314.2 745.7

      314.3 745.7

      314.3 745.7

      314.2 745.7

      314.2 745.7

      314.3 745.7

      314.3 745.7

      314.3 745.7

      314.3 745.7

      314.3 745.7

      314.3 745.7

      314.3 745.7

      314.3 745.7

      314.3 745.7

      314.3 745.7

      314.3 745.7

      314.3 745.7

      314.3 745.7

      314.3 745.7

      314.3 745.7

      314.3 745.7

      314.3 745.7

      314.3 745.7

      314.3 745.7

      314.3 745.7

      314.3 745.7

      314.3 745.7

      314.3 745.7

      314.3 745.7

      314.3 745.7

      314.3 745.7

      314.3 745.7

      314.3 745.7

      314.3 745.7

      314.3 745.7

      314.4 745.7

      314.3 745.7

      314.4 745.7

      314.3 745.7

      314.3 745.7

      314.3 745.7

      314.3 745.7

      314.3 745.7

      314.3 745.7

      314.3 745.7

      314.3 745.7

      314.3 745.7

      314.3 745.7

      314.3 745.7

      314.3 745.7

      314.3 745.7

      314.3 745.7

      314.3 745.7

      314.3 745.7

      314.3 745.7

      314.3 745.7

      314.3 745.7

      314.3 745.7

      314.3 745.7

      314.3 745.7

      314.3 745.7

      314.3 745.7

      314.3 745.7

      314.3 745.7

      314.3 745.7

      314.3 745.7

      314.3 745.7

      314.3 745.7

      314.3 745.7

      314.3 745.7

      314.3 745.7

      314.3 745.7

      314.3 745.7

      314.3 745.7

      314.2 745.7

      314.3 745.7

      314.3 745.7

      314.3 745.7

      314.3 745.7

      314.2 745.7

      314.2 745.7

      314.2 745.7

      314.3 745.7

      314.2 745.7

      314.3 745.7

      314.2 745.7

      314.2 745.7

      314.2 745.7

      314.3 745.7

      314.3 745.7

      314.2 745.7

      314.2 745.7

      314.2 745.7

      314.2 745.7

      314.3 745.7

      314.2 745.7

      314.2 745.7

      314.3 745.7

      314.3 745.7

      314.3 745.7

      314.3 745.7

      314.3 745.7

      314.3 745.7

      314.3 745.7

      314.3 745.7

      314.3 745.7

      314.3 745.7

      314.3 745.7

      314.3 745.7

      314.4 745.7

      314.3 745.7

      314.3 745.7

      314.3 745.7

      314.3 745.7

      314.3 745.7

      314.3 745.7

      314.3 745.7

      314.3 745.7

      314.3 745.7

      314.3 745.7

      314.3 745.7

      314.3 745.7

      314.3 745.7

      314.3 745.7

      314.3 745.7

      314.3 745.7

      314.3 745.7

      314.2 745.7

      314.3 745.7

      314.3 745.7

      314.3 745.7

      314.3 745.7

      314.3 745.7

      314.3 745.7

      315.9 745.7

      315.9 745.7

      315.9 745.7

      315.9 745.7

      315.9 745.7

      316.8 745.7

      315.9 745.7

      315.9 745.7

      315.9 745.7

      315.9 745.7

      315.9 745.7

      315.9 745.7

      315.9 745.7

      316.0 745.7

      315.9 745.7

      315.9 745.7

      315.9 745.7

      315.9 745.7

      315.9 745.7

      315.8 745.7

      315.8 745.7

      315.9 745.7

      315.9 745.7

      315.9 745.7

      315.8 745.7

      317.4 745.7

      316.4 745.7

      315.9 745.7

      315.9 745.7

      315.8 745.7

      315.9 745.7

      315.8 745.7

      315.8 745.7

      315.9 745.7

      315.9 745.7

      315.8 745.7

      315.8 745.7

      315.9 745.7

      315.8 745.7

      315.8 745.7

      315.8 745.7

      315.8 745.7

      315.9 745.7

      315.8 745.7

      315.8 745.7

      315.8 745.7

      315.8 745.7

      315.8 745.7

      316.3 745.7

      315.8 745.7

      315.8 745.7

      315.8 745.7

      315.8 745.7

      315.9 745.7

      315.9 745.7

      316.5 745.7

      315.9 745.7

      316.3 745.7

      316.4 745.7

      315.9 745.7

      315.9 745.7

      316.5 745.7

      315.9 745.7

      316.5 745.7

      315.9 745.7

      315.9 745.7

      315.9 745.7

      315.9 745.7

      315.9 745.7

      315.9 745.7

      315.9 745.7

      315.9 745.7

      315.9 745.7

      315.9 745.7

      315.8 745.7

      315.9 745.7

      315.9 745.7

      315.9 745.7

      315.9 745.7

      315.9 745.7

      315.9 745.7

      315.9 745.7

      315.9 745.7

      315.9 745.7

      315.9 745.7

      315.9 745.7

      315.9 745.7

      315.9 745.7

      315.8 745.7

      315.9 745.7

      315.9 745.7

      315.9 745.7

      315.9 745.7

      315.8 745.7

      315.9 745.7

      315.9 745.7

      315.9 745.7

      315.8 745.7

      315.9 745.7

      315.8 745.7

      315.8 745.7

      315.8 745.7

      315.9 745.7

      315.9 745.7

      315.9 745.7

      315.9 745.7

      315.9 745.7

      315.9 745.7

      315.8 745.7

      315.8 745.7

      315.9 745.7

      315.9 745.7

      315.9 745.7

      315.8 745.7

      315.9 745.7

      316.6 745.7

      316.2 745.7

      316.6 745.7

      315.9 745.7

      315.8 745.7

      315.8 745.7

      316.3 745.7

      316.3 745.7

      315.8 745.7

      316.3 745.7

      316.0 745.7

      315.0 745.7

      314.9 745.7

      314.9 745.7

      315.4 745.7

      315.1 745.7

      314.9 745.7

      315.0 745.7

      315.1 745.7

      315.1 745.7

      314.9 745.7

      314.9 745.7

      315.1 745.7

      314.9 745.7

      314.9 745.7

      314.9 745.7

      314.9 745.7

      314.9 745.7

      314.9 745.7

      315.1 745.7

      315.2 745.7

      315.6 745.7

      315.0 745.7

      315.1 745.7

      315.0 745.7

      315.0 745.7

      314.9 745.7

      315.1 745.7

      315.1 745.7

      315.1 745.7

      315.1 745.7

      315.1 745.7

      315.0 745.7

      315.1 745.7

      314.9 745.7

      315.0 745.7

      315.1 745.7

      315.1 745.7

      315.1 745.7

      315.1 745.7

      315.0 745.7

      315.0 745.7

      315.1 745.7

      315.1 745.7

      315.1 745.7

      315.0 745.7

      315.1 745.7

      315.0 745.7

      315.1 745.7

      315.0 745.7

      315.1 745.7

      315.1 745.7

      315.1 745.7

      315.1 745.7

      315.1 745.7

      315.1 745.7

      315.1 745.7

      315.1 745.7

      315.1 745.7

      315.0 745.7

      315.1 745.7

      315.0 745.7

      315.1 745.7

      315.1 745.7

      315.1 745.7

      315.0 745.7

      315.0 745.7

      315.0 745.7

      315.1 745.7

      315.0 745.7

      315.0 745.7

      315.0 745.7

      315.1 745.7

      315.1 745.7

      315.0 745.7

      315.1 745.7

      315.1 745.7

      315.0 745.7

      315.0 745.7

      315.0 745.7

      315.0 745.7

      315.0 745.7

      315.0 745.7

      315.0 745.7

      315.0 745.7

      315.0 745.7

      315.0 745.7

      315.0 745.7

      315.0 745.7

      315.0 745.7

      315.0 745.7

      315.0 745.7

      315.0 745.7

      315.0 745.7

      315.0 745.7

      315.0 745.7

      315.0 745.7

      314.9 745.7

      315.0 745.7

      315.0 745.7

      314.9 745.7

      314.9 745.7

      314.9 745.7

      315.0 745.7

      314.9 745.7

      314.9 745.7

      314.9 745.7

      315.0 745.7

      314.9 745.7

      314.9 745.7

      315.1 745.7

      315.1 745.7

      315.1 745.7

      315.1 745.7

      315.1 745.7

      315.1 745.7

      315.1 745.7

      315.1 745.7

      314.9 745.7

      315.1 745.7

      315.0 745.7

      315.1 745.7

      315.7 745.7

      315.7 745.7

      315.6 745.7

      315.6 745.7

      315.7 745.7

      315.6 745.7

      315.5 745.7

      315.6 745.7

      315.7 745.7

      315.7 745.7

      315.7 745.7

      315.6 745.7

      315.7 745.7

      315.7 745.7

      315.7 745.7

      315.7 745.7

      315.6 745.7

      315.1 745.7

      315.1 745.7

      315.0 745.7

      315.1 745.7

      315.1 745.7

      315.0 745.7

      315.0 745.7

      315.0 745.7

      315.0 745.7

      315.0 745.7

      315.0 745.7

      315.1 745.7

      315.1 745.7

      315.1 745.7

      315.0 745.7

      315.0 745.7

      315.0 745.7

      315.1 745.7

      315.0 745.7

      315.0 745.7

      315.0 745.7

      315.0 745.7

      315.0 745.7

      314.9 745.7

      315.0 745.7

      315.0 745.7

      315.0 745.7

      315.0 745.7

      315.0 745.7

      315.0 745.7

      315.0 745.7

      315.0 745.7

      315.0 745.7

      315.0 745.7

      315.0 745.7

      315.0 745.7

      315.0 745.7

      316.4 745.7

      315.5 745.7

      314.9 745.7

      315.0 745.7

      314.9 745.7

      314.9 745.7

      315.0 745.7

      314.9 745.7

      314.9 745.7

      314.9 745.7

      315.0 745.7

      314.9 745.7

      314.9 745.7

      314.9 745.7

      314.9 745.7

      314.9 745.7

      314.9 745.7

      314.9 745.7

      314.9 745.7

      314.9 745.7

      314.9 745.7

      314.9 745.7

      314.9 745.7

      314.9 745.7

      315.0 745.7

      315.0 745.7

      315.1 745.7

      315.0 745.7

      315.0 745.7

      315.0 745.7

      315.1 745.7

      315.0 745.7

      315.1 745.7

      315.0 745.7

      315.1 745.7

      315.0 745.7

      315.0 745.7

      315.0 745.7

      315.1 745.7

      315.1 745.7

      315.0 745.7

      315.0 745.7

      315.1 745.7

      315.1 745.7

      315.0 745.7

      315.0 745.7

      315.2 745.7

      315.0 745.7

      315.0 745.7

      315.2 745.7

      315.1 745.7

      315.5 745.7

      315.1 745.7

      314.9 745.7

      315.5 745.7

      315.1 745.7

      315.1 745.7

      315.1 745.7

      315.0 745.7

      315.0 745.7

      315.0 745.7

      315.1 745.7

      315.1 745.7

      315.0 745.7

      315.0 745.7

      315.0 745.7

      315.0 745.7

      315.0 745.7

      315.0 745.7

      315.0 745.7

      314.9 745.7

      314.9 745.7

      314.9 745.7

      315.0 745.7

      315.0 745.7

      315.0 745.7

      315.0 745.7

      315.0 745.7

      314.9 745.7

      315.0 745.7

      315.0 745.7

      314.9 745.7

      315.0 745.7

      315.0 745.7

      315.0 745.7

      314.9 745.7

      314.9 745.7

      314.9 745.7

      314.9 745.7

      314.9 745.7

      315.0 745.7

      314.9 745.7

      314.9 745.7

      314.9 745.7

      314.9 745.7

      314.9 745.7

      314.9 745.7

      314.9 745.7

      315.0 745.7

      314.9 745.7

      314.9 745.7

      314.9 745.7

      314.9 745.7

      314.9 745.7

      314.9 745.7

      314.9 745.7

      314.9 745.7

      314.9 745.7

      314.9 745.7

      314.9 745.7

      314.9 745.7

      314.9 745.7

      314.9 745.7

      314.9 745.7

      314.9 745.7

      315.1 745.7

      315.1 745.7

      315.1 745.7

      315.0 745.7

      315.1 745.7

      315.0 745.7

      315.1 745.7

      315.0 745.7

      315.0 745.7

      315.1 745.7

      315.1 745.7

      315.1 745.7

      315.0 745.7

      315.1 745.7

      315.0 745.7

      315.0 745.7

      315.1 745.7

      315.0 745.7

      315.0 745.7

      315.0 745.7

      315.1 745.7

      314.9 745.7

      315.1 745.7

      315.0 745.7

      315.1 745.7

      315.0 745.7

      315.1 745.7

      315.1 745.7

      315.1 745.7

      315.0 745.7

      315.1 745.7

      315.0 745.7

      315.1 745.7

      315.0 745.7

      315.0 745.7

      315.1 745.7

      315.0 745.7

      314.9 745.7

      314.9 745.7

      315.0 745.7

      315.0 745.7

      315.0 745.7

      314.9 745.7

      315.0 745.7

      314.9 745.7

      314.9 745.7

      314.9 745.7

      314.9 745.7

      314.9 745.7

      314.9 745.7

      315.0 745.7

      314.9 745.7

      313.5 745.7

      313.5 745.7

      313.5 745.7

      313.5 745.7

      313.3 745.7

      313.5 745.7

      313.5 745.7

      313.5 745.7

      313.3 745.7

      313.5 745.7

      313.5 745.7

      313.5 745.7

      313.3 745.7

      313.5 745.7

      313.5 745.7

      313.3 745.7

      313.4 745.7

      313.5 745.7

      313.5 745.7

      313.4 745.7

      313.5 745.7

      313.5 745.7

      313.4 745.7

      314.9 745.7

      314.9 745.7

      314.9 745.7

      314.9 745.7

      314.8 745.7

      314.9 745.7

      314.9 745.7

      314.9 745.7

      314.9 745.7

      314.8 745.7

      314.9 745.7

      314.9 745.7

      314.9 745.7

      314.8 745.7

      315.0 745.7

      314.9 745.7

      315.0 745.7

      315.0 745.7

      314.9 745.7

      314.9 745.7

      315.0 745.7

      315.0 745.7

      315.0 745.7

      315.0 745.7

      315.0 745.7

      315.0 745.7

      315.0 745.7

      315.1 745.7

      314.9 745.7

      315.0 745.7

      315.0 745.7

      315.0 745.7

      315.0 745.7

      315.1 745.7

      315.1 745.7

      315.0 745.7

      315.0 745.7

      314.9 745.7

      314.9 745.7

      315.0 745.7

      315.0 745.7

      314.9 745.7

      314.9 745.7

      315.0 745.7

      315.0 745.7

      315.0 745.7

      315.0 745.7

      315.0 745.7

      315.0 745.7

      315.0 745.7

      315.0 745.7

      315.0 745.7

      314.9 745.7

      315.0 745.7

      315.0 745.7

      314.8 745.7

      314.9 745.7

      314.9 745.7

      314.9 745.7

      314.9 745.7

      314.8 745.7

      312.5 745.7

      308.9 745.7

      307.1 745.7

      304.2 745.7

      299.3 745.7

      296.1 745.7

      292.6 745.7

      289.2 745.7

      285.7 745.7

      282.2 745.7

      278.9 745.7

      275.3 745.7

      272.3 745.7

      268.7 745.7

      264.5 745.7

      262.2 745.7

      258.6 745.7

      254.5 745.7

      251.4 745.7

      247.1 745.7

      242.7 745.7

      240.7 745.7

      314.6 745.7

      314.5 745.7

      314.6 745.7

      314.6 745.7

      314.5 745.7

      314.6 745.7

      314.5 745.7

      314.5 745.7

      314.5 745.7

      314.6 745.7

      314.4 745.7

      314.5 745.7

      314.5 745.7

      314.6 745.7

      314.6 745.7

      314.6 745.7

      314.5 745.7

      314.6 745.7

      314.6 745.7

      314.6 745.7

      313.7 745.7

      313.7 745.7

      313.6 745.7

      313.7 745.7

      313.7 745.7

      313.6 745.7

      313.6 745.7

      313.7 745.7

      313.6 745.7

      313.7 745.7

      313.6 745.7

      313.7 745.7

      313.6 745.7

      313.6 745.7

      313.6 745.7

      314.6 745.7

      314.6 745.7

      314.6 745.7

      314.6 745.7

      314.6 745.7

      314.6 745.7

      314.6 745.7

      314.6 745.7

      314.6 745.7

      314.6 745.7

      314.6 745.7

      314.6 745.7

      314.6 745.7

      314.6 745.7

      314.6 745.7

      314.6 745.7

      314.6 745.7

      314.6 745.7

      314.6 745.7

      314.6 745.7

      314.6 745.7

      314.6 745.7

      314.6 745.7

      314.7 745.7

      314.6 745.7

      314.6 745.7

      314.6 745.7

      314.6 745.7

      314.6 745.7

      314.6 745.7

      314.6 745.7

      314.6 745.7

      314.5 745.7

      314.6 745.7

      314.6 745.7

      314.6 745.7

      314.6 745.7

      314.5 745.7

      314.6 745.7

      314.6 745.7

      314.5 745.7

      314.6 745.7

      314.5 745.7

      314.6 745.7

      314.6 745.7

      314.6 745.7

      314.6 745.7

      314.6 745.7

      314.5 745.7

      314.5 745.7

      314.6 745.7

      314.6 745.7

      314.6 745.7

      314.6 745.7

      314.6 745.7

      314.5 745.7

      315.3 745.7

      315.2 745.7

      315.2 745.7

      315.2 745.7

      315.1 745.7

      314.6 745.7

      314.5 745.7

      314.6 745.7

      314.5 745.7

      314.5 745.7

      314.5 745.7

      314.5 745.7

      314.6 745.7

      314.5 745.7

      314.4 745.7

      314.6 745.7

      314.6 745.7

      314.6 745.7

      314.6 745.7

      314.6 745.7

      314.6 745.7

      314.6 745.7

      314.6 745.7

      314.6 745.7

      314.6 745.7

      314.6 745.7

      314.6 745.7

      314.6 745.7

      314.6 745.7

      314.6 745.7

      314.6 745.7

      314.5 745.7

      314.6 745.7

      314.6 745.7

      314.6 745.7

      314.6 745.7

      314.6 745.7

      314.6 745.7

      314.5 745.7

      314.6 745.7

      314.6 745.7

      314.6 745.7

      314.6 745.7

      314.6 745.7

      314.6 745.7

      314.6 745.7

      314.6 745.7

      314.6 745.7

      314.6 745.7

      314.3 745.7

      314.5 745.7

      314.5 745.7

      314.5 745.7

      314.4 745.7

      314.5 745.7

      314.5 745.7

      314.5 745.7

      314.5 745.7

      314.5 745.7

      314.5 745.7

      314.5 745.7

      314.5 745.7

      314.5 745.7

      314.5 745.7

      314.5 745.7

      314.5 745.7

      314.5 745.7

      314.5 745.7

      314.5 745.7

      314.5 745.7

      314.5 745.7

      314.5 745.7

      314.5 745.7

      314.5 745.7

      314.3 745.7

      314.4 745.7

      314.4 745.7

      314.5 745.7

      314.5 745.7

      314.3 745.7

      314.5 745.7

      314.5 745.7

      314.5 745.7

      314.4 745.7

      314.5 745.7

      314.3 745.7

      314.4 745.7

      314.3 745.7

      314.4 745.7

      314.4 745.7

      314.5 745.7

      314.4 745.7

      314.4 745.7

      314.4 745.7

      314.4 745.7

      314.5 745.7

      314.3 745.7

      314.4 745.7

      314.4 745.7

      314.4 745.7

      314.3 745.7

      314.3 745.7

      314.5 745.7

      314.4 745.7

      314.5 745.7

      314.5 745.7

      314.4 745.7

      314.5 745.7

      314.5 745.7

      314.5 745.7

      314.5 745.7

      314.5 745.7

      313.0 745.7

      310.5 745.7

      306.5 745.7

      302.8 745.7

      298.7 745.7

      293.4 745.7

      288.5 745.7

      282.4 745.7

      275.7 745.7

      267.4 745.7

      258.8 745.7

      250.4 745.7

      242.6 745.7

      234.7 745.7

      229.0 745.7

      221.8 745.7

      213.2 745.7

      204.6 745.7

      195.4 745.7

      186.5 745.7

      177.6 745.7

      170.2 745.7

      161.5 745.7

      152.6 745.7

      144.0 745.7

      134.8 745.7

      126.1 745.7

      117.3 745.7

      108.9 745.7

      100.5 745.7

      90.9 745.7

      81.9 745.7

      72.8 745.7

      63.7 745.7

      55.1 745.7

      47.4 745.7

      40.2 745.7

      33.1 745.7

      25.5 745.7

      17.9 745.7

      9.9 745.7

      6.2 745.5

      5.0 744.4

      5.4 741.6

      5.2 738.2

      4.9 731.4

      6.2 719.1

      6.2 715.9

      6.2 707.6

      6.1 698.1

      6.0 687.9

      5.7 681.9

      6.4 674.6

      6.9 670.4

      6.8 663.6

      5.8 655.8

      5.9 647.4

      7.1 641.5

      5.0 635.5

      5.9 630.4

      6.7 622.1

      6.0 618.1

      7.9 608.4

      5.8 600.1

      5.9 592.9

      5.1 581.6

      5.0 571.6

      6.4 560.2

      6.2 555.9

      5.7 546.6

      4.9 539.6

      5.9 532.1

      5.8 525.4

      4.3 513.2

      5.7 504.1

      5.4 494.6

      5.6 484.9

      6.4 474.1

      5.8 460.4

      5.6 449.6

      4.4 432.4

      5.9 417.9

      5.3 401.9

      5.2 383.2

      5.4 363.8

      5.7 341.2

      4.3 317.5

      5.7 291.3

      6.1 257.6

      6.6 234.4

      6.7 205.3

      6.1 176.1

      5.5 148.1

      5.6 118.9

      4.5 85.9

      4.3 62.8

      7.4 33.9

      6.8 5.9

      4.3 39.2

      5.4 12.7

      6.2 34.2

      7.4 0.0

      6.7 19.0

      6.5 0.3

      5.2 42.3

      5.8 23.2

      5.4 2.9

      4.5 38.3

      5.4 13.9

      6.4 50.3

      7.5 16.2

      4.3 0.0

      6.0 36.6

      4.9 18.8

      4.3 0.0

      5.0 30.4

      4.4 11.2

      5.6 0.0

      6.3 34.4

      5.2 14.9

      5.6 0.0

      7.5 40.8

      6.8 26.0

      6.9 8.6

      6.2 17.1

      5.8 0.0

      7.4 0.0

      5.3 14.3

      7.9 0.0

      7.1 1.5

      7.0 21.3

      7.6 8.6

      7.3 1.3

      5.4 0.0

      4.6 3.9

      5.2 0.0

      5.7 17.8

      6.9 5.6

      5.2 0.0

      6.2 0.0

      5.9 38.9

      5.7 6.2

      6.3 0.0

      5.8 20.3

      5.9 11.9

      5.1 2.2

      5.3 31.4

      6.3 15.9

      5.4 6.1

      4.9 0.0

      5.6 29.2

      6.7 18.0

      7.4 11.0

      5.3 0.0

      5.4 38.8

      6.9 28.3

      5.4 20.5

      5.6 13.9

      5.4 6.0

      7.5 0.0

      5.6 44.6

      6.3 35.2

      6.6 30.6

      6.6 21.6

      5.5 14.9

      5.2 9.3

      5.4 3.2

      6.8 58.9

      6.5 41.7

      5.4 34.5

      7.5 23.7

      6.4 18.0

      4.9 8.5

      5.6 2.1

      4.4 55.7

      6.8 37.6

      5.1 32.3

      5.6 27.2

      6.7 19.9

      5.6 13.3

      6.1 5.6

      5.7 0.0

      6.0 61.9

      5.7 51.3

      4.8 46.1

      6.4 41.9

      6.7 35.4

      6.7 29.8

      5.9 21.2

      6.8 13.1

      5.6 2.4

      5.5 0.0

      107.8 372.6

      215.7 519.0

      284.9 666.1

      324.7 736.6

      324.7 736.6

      324.7 736.6

      325.0 736.6

      325.3 736.6

      324.7 736.6

      324.7 736.6

      324.7 736.6

      324.9 736.6

      324.7 736.6

      324.7 736.6

      324.7 736.6

      324.7 736.6

      324.7 736.6

      324.9 736.6

      324.7 736.6

      324.9 736.6

      324.7 736.6

      325.2 736.6

      324.7 736.6

      324.7 736.6

      324.7 736.6

      324.7 736.6

      324.9 736.6

      324.7 736.6

      324.7 736.6

      324.7 736.6

      324.7 736.6

      324.7 736.6

      324.7 736.6

      324.7 736.6

      324.7 736.6

      324.7 736.6

      324.7 736.6

      324.7 736.6

      324.7 736.6

      324.7 736.6

      324.7 736.6

      324.8 736.6

      324.8 736.6

      324.8 736.6

      324.8 736.6

      324.8 736.6

      324.8 736.6

      324.8 736.6

      324.8 736.6

      324.8 736.6

      324.8 736.6

      324.8 736.6

      324.8 736.6

      324.8 736.6

      324.9 736.6

      324.8 736.6

      324.7 736.6

      324.7 736.6

      324.6 736.6

      324.3 736.6

      324.3 736.6

      324.3 736.6

      324.4 736.6

      324.3 736.6

      324.3 736.6

      324.3 736.6

      324.3 736.6

      324.4 736.6

      324.3 736.6

      324.3 736.6

      324.4 736.6

      324.3 736.6

      324.3 736.6

      324.2 736.6

      324.2 736.6

      324.3 736.6

      324.2 736.6

      324.2 736.6

      324.2 736.6

      324.2 736.6

      323.9 736.6

      323.9 736.6

      323.9 736.6

      323.9 736.6

      323.8 736.6

      323.8 736.6

      323.8 736.6

      323.8 736.6

      323.8 736.6

      323.8 736.6

      323.8 736.6

      323.8 736.6

      323.8 736.6

      323.8 736.6

      323.8 736.6

      323.7 736.6

      323.8 736.6

      323.8 736.6

      323.7 736.6

      323.8 736.6

      323.7 736.6

      323.7 736.6

      323.8 736.6

      323.7 736.6

      323.8 736.6

      323.7 736.6

      323.8 736.6

      323.7 736.6

      323.8 736.6

      323.7 736.6

      323.7 736.6

      323.8 736.6

      323.8 736.6

      323.7 736.6

      323.7 736.6

      323.7 736.6

      323.7 736.6

      323.7 736.6

      323.7 736.6

      323.7 736.6

      323.7 736.6

      323.7 736.6

      323.7 736.6

      323.7 736.6

      323.7 736.6

      323.7 736.6

      323.7 736.6

      323.7 736.6

      323.7 736.6

      323.8 736.6

      323.6 736.6

      323.6 736.6

      323.8 736.6

      323.8 736.6

      323.8 736.6

      323.8 736.6

      323.8 736.6

      323.8 736.6

      323.8 736.6

      323.8 736.6

      323.8 736.6

      323.8 736.6

      323.8 736.6

      323.8 736.6

      323.8 736.6

      323.8 736.6

      323.8 736.6

      323.8 736.6

      323.8 736.6

      323.8 736.6

      323.8 736.6

      323.8 736.6

      323.8 736.6

      323.8 736.6

      323.8 736.6

      323.8 736.6

      323.8 736.6

      323.8 736.6

      322.4 736.7

      322.8 736.7

      322.3 736.7

      322.4 736.7

      322.4 736.7

      322.4 736.7

      322.4 736.7

      322.3 736.7

      322.4 736.7

      322.3 736.7

      322.3 736.7

      322.4 736.7

      322.3 736.7

      322.4 736.7

      322.9 736.7

      322.5 736.7

      322.9 736.7

      322.5 736.7

      322.3 736.7

      322.3 736.7

      322.3 736.7

      322.3 736.7

      322.3 736.7

      322.4 736.7

      322.5 736.7

      322.5 736.7

      322.6 736.7

      322.3 736.7

      322.3 736.7

      322.3 736.7

      322.8 736.7

      322.3 736.7

      322.8 736.7

      322.5 736.7

      322.3 736.7

      322.3 736.7

      322.5 736.7

      322.8 736.7

      322.3 736.7

      322.5 736.7

      322.3 736.7

      322.5 736.7

      322.3 736.7

      322.3 736.7

      322.3 736.7

      322.3 736.7

      322.3 736.7

      322.3 736.7

      322.1 736.7

      322.2 736.7

      322.2 736.7

      322.2 736.7

      322.2 736.7

      321.2 736.7

      321.2 736.7

      321.2 736.7

      321.2 736.7

      321.2 736.7

      321.1 736.7

      321.3 736.7

      322.3 736.7

      322.3 736.7

      322.3 736.7

      322.1 736.7

      322.5 736.7

      322.7 736.7

      322.7 736.7

      322.2 736.7

      322.2 736.7

      322.2 736.7

      322.3 736.7

      322.2 736.7

      322.2 736.7

      322.3 736.7

      322.2 736.7

      322.7 736.7

      322.2 736.7

      322.2 736.7

      322.2 736.7

      322.3 736.7

      322.3 736.7

      322.2 736.7

      322.2 736.7

      322.2 736.7

      322.2 736.7

      322.2 736.7

      322.3 736.7

      322.2 736.7

      322.2 736.7

      322.2 736.7

      322.2 736.7

      322.2 736.7

      322.2 736.7

      322.8 736.7

      322.7 736.7

      322.8 736.7

      322.8 736.7

      322.8 736.7

      322.8 736.7

      322.9 736.7

      322.8 736.7

      322.8 736.7

      322.8 736.7

      322.8 736.7

      322.8 736.7

      322.8 736.7

      322.8 736.7

      322.8 736.7

      322.8 736.7

      322.8 736.7

      322.8 736.7

      322.8 736.7

      322.8 736.7

      322.8 736.7

      322.8 736.7

      322.8 736.7

      322.8 736.7

      322.7 736.7

      322.8 736.7

      322.8 736.7

      322.7 736.7

      319.3 736.7

      315.9 736.7

      311.7 736.7

      307.0 736.7

      301.8 736.7

      296.4 736.7

      290.1 736.7

      283.3 736.7

      275.7 736.7

      268.1 736.7

      258.6 736.7

      248.4 736.7

      237.3 736.7

      225.7 736.7

      213.0 736.7

      200.0 736.7

      185.5 736.7

      169.5 736.7

      152.9 736.7

      133.4 736.7

      115.6 736.7

      94.8 736.7

      75.5 736.7

      59.7 736.7

      42.8 736.7

      22.6 736.7

      5.7 736.2

      5.9 722.6

      6.1 702.1

      5.4 678.8

      5.8 652.1

      6.2 621.8

      5.5 596.9

      5.5 552.8

      5.2 508.6

      5.5 443.2

      4.9 395.3

      5.0 351.1

      6.1 320.3

      5.7 292.9

      5.0 249.4

      5.9 197.2

      6.4 150.0

      4.4 104.8

      5.6 62.8

      4.4 26.6

      6.8 4.9

      8.9 0.0

      5.6 0.0

      6.2 0.0

      5.5 0.0

      5.6 10.2

      5.8 0.0

      4.4 0.6

      5.5 6.6

      5.5 0.0

      5.0 0.0

      5.6 5.6

      6.4 0.0

      5.1 0.2

      5.8 16.2

      6.3 30.4

      5.5 0.0

      6.3 4.1

      5.9 0.0

      5.6 2.9

      6.4 0.0

      6.1 8.4

      7.8 0.0

      5.2 28.8

      6.3 12.2

      5.9 0.0

      5.4 33.7

      5.8 20.1

      6.1 11.2

      5.4 0.0

      6.3 41.0

      5.6 26.5

      4.9 19.0

      6.0 9.5

      5.1 3.7

      6.2 0.0

      5.6 34.1

      5.4 25.2

      5.3 18.0

      5.6 12.2

      5.6 6.2

      4.7 0.0

      5.8 37.0

      5.5 33.6

      6.2 27.8

      4.4 26.0

      6.5 22.9

      5.5 17.7

      5.3 14.9

      7.4 10.1

      5.6 4.8

      5.7 0.0

      5.0 0.0

      5.4 41.0

      4.9 33.7

      6.4 27.2

      29.0 86.7

      106.4 322.5

      216.8 614.7

      332.4 729.7

      332.8 729.7

      332.8 729.7

      332.8 729.7

      332.8 729.7

      332.7 729.7

      332.8 729.7

      332.8 729.7

      332.8 729.7

      332.9 729.7

      332.8 729.7

      332.7 729.7

      332.6 729.7

      332.6 729.7

      332.6 729.7

      332.6 729.7

      332.6 729.7

      332.6 729.7

      332.7 729.7

      332.6 729.7

      332.7 729.7

      332.6 729.7

      332.6 729.7

      332.6 729.7

      332.6 729.7

      332.6 729.7

      332.6 729.7

      332.6 729.7

      332.6 729.7

      332.5 729.7

      332.5 729.7

      332.5 729.7

      332.5 729.7

      332.5 729.7

      332.5 729.7

      332.5 729.7

      332.5 729.7

      332.5 729.7

      332.5 729.7

      332.5 729.7

      332.5 729.7

      332.4 729.7

      332.5 729.7

      332.5 729.7

      332.5 729.7

      332.5 729.7

      332.4 729.7

      332.4 729.7

      332.4 729.7

      332.4 729.7

      332.3 729.7

      332.4 729.7

      332.4 729.7

      332.3 729.7

      332.3 729.7

      332.4 729.7

      332.4 729.7

      332.3 729.7

      332.3 729.7

      332.3 729.7

      332.3 729.7

      332.4 729.7

      332.3 729.7

      332.3 729.7

      332.3 729.7

      332.3 729.7

      332.3 729.7

      332.3 729.7

      332.3 729.7

      332.3 729.7

      332.3 729.7

      332.3 729.7

      332.3 729.7

      332.4 729.7

      332.3 729.7

      332.3 729.7

      332.3 729.7

      332.3 729.7

      332.3 729.7

      332.3 729.7

      332.3 729.7

      332.3 729.7

      332.3 729.7

      332.3 729.7

      332.3 729.7

      332.3 729.7

      332.8 729.7

      332.3 729.7

      332.7 729.7

      333.4 729.7

      332.3 729.7

      332.9 729.7

      332.4 729.7

      332.4 729.7

      332.4 729.7

      332.4 729.7

      332.4 729.7

      332.4 729.7

      332.4 729.7

      332.4 729.7

      332.4 729.7

      332.4 729.7

      332.4 729.7

      332.4 729.7

      333.0 729.7

      332.4 729.7

      332.4 729.7

      332.4 729.7

      332.4 729.7

      332.4 729.7

      332.4 729.7

      332.4 729.7

      332.4 729.7

      332.4 729.7

      332.5 729.7

      332.4 729.7

      332.4 729.7

      332.4 729.7

      332.4 729.7

      332.4 729.7

      332.3 729.7

      332.4 729.7

      332.4 729.7

      332.4 729.7

      332.4 729.7

      332.4 729.7

      332.4 729.7

      332.4 729.7

      332.4 729.7

      332.4 729.7

      332.4 729.7

      332.5 729.7

      332.4 729.7

      332.4 729.7

      332.4 729.7

      332.4 729.7

      332.4 729.7

      332.4 729.7

      332.4 729.7

      332.4 729.7

      332.4 729.7

      332.3 729.7

      332.4 729.7

      332.4 729.7

      332.4 729.7

      332.3 729.7

      332.3 729.7

      332.3 729.7

      332.4 729.7

      332.4 729.7

      332.3 729.7

      331.0 730.0

      331.0 730.0

      330.9 730.0

      330.7 730.0

      330.6 730.0

      330.6 730.0

      330.6 730.0

      330.6 730.0

      330.6 730.0

      330.6 730.0

      330.6 730.0

      330.6 730.0

      330.6 730.0

      330.6 730.0

      330.6 730.0

      330.6 730.0

      330.6 730.0

      330.6 730.0

      330.6 730.0

      330.6 730.0

      330.6 730.0

      330.6 730.0

      330.6 730.0

      330.6 730.0

      330.6 730.0

      330.6 730.0

      330.6 730.0

      330.6 730.0

      330.6 730.0

      330.6 730.0

      330.6 730.0

      330.6 730.0

      330.7 730.0

      330.7 730.0

      330.6 730.0

      330.6 730.0

      330.7 730.0

      330.7 730.0

      330.6 730.0

      330.7 730.0

      330.7 730.0

      330.7 730.0

      330.6 730.0

      330.7 730.0

      330.7 730.0

      330.6 730.0

      330.7 730.0

      330.6 730.0

      330.6 730.0

      330.7 730.0

      330.7 730.0

      330.6 730.0

      330.6 730.0

      330.6 730.0

      330.7 730.0

      330.7 730.0

      330.7 730.0

      330.7 730.0

      330.7 730.0

      330.7 730.0

      330.6 730.0

      330.7 730.0

      330.6 730.0

      330.7 730.0

      331.0 730.0

      330.7 730.0

      330.6 730.0

      330.7 730.0

      330.6 730.0

      330.6 730.0

      330.8 730.0

      330.6 730.0

      330.6 730.0

      330.7 730.0

      330.7 730.0

      330.7 730.0

      330.6 730.0

      330.6 730.0

      330.6 730.0

      330.7 730.0

      330.6 730.0

      330.6 730.0

      330.7 730.0

      330.6 730.0

      330.7 730.0

      330.7 730.0

      330.6 730.0

      330.6 730.0

      330.6 730.0

      330.6 730.0

      330.6 730.0

      330.6 730.0

      330.6 730.0

      330.6 730.0

      330.6 730.0

      330.6 730.0

      330.6 730.0

      330.6 730.0

      330.6 730.0

      330.6 730.0

      330.6 730.0

      330.6 730.0

      330.6 730.0

      330.6 730.0

      330.6 730.0

      330.6 730.0

      330.6 730.0

      330.6 730.0

      330.6 730.0

      330.6 730.0

      330.6 730.0

      330.6 730.0

      330.6 730.0

      330.6 730.0

      330.6 730.0

      330.6 730.0

      330.6 730.0

      330.6 730.0

      330.6 730.0

      330.6 730.0

      330.6 730.0

      330.6 730.0

      330.6 730.0

      330.7 730.0

      330.6 730.0

      330.6 730.0

      330.7 730.0

      330.7 730.0

      330.6 730.0

      330.7 730.0

      330.6 730.0

      330.7 730.0

      330.7 730.0

      330.6 730.0

      330.6 730.0

      330.6 730.0

      330.6 730.0

      330.6 730.0

      330.7 730.0

      330.6 730.0

      330.6 730.0

      330.5 730.0

      330.5 730.0

      330.5 730.0

      330.5 730.0

      329.6 730.0

      329.6 730.0

      329.5 730.0

      329.6 730.0

      329.5 730.0

      330.2 730.0

      330.5 730.0

      330.5 730.0

      330.5 730.0

      330.5 730.0

      330.5 730.0

      330.2 730.0

      330.2 730.0

      330.3 730.0

      330.3 730.0

      330.3 730.0

      330.2 730.0

      330.2 730.0

      330.2 730.0

      330.2 730.0

      330.2 730.0

      330.2 730.0

      330.2 730.0

      330.2 730.0

      330.2 730.0

      330.2 730.0

      330.2 730.0

      330.2 730.0

      330.2 730.0

      330.2 730.0

      330.1 730.0

      330.1 730.0

      330.2 730.0

      330.2 730.0

      330.2 730.0

      330.1 730.0

      330.1 730.0

      330.2 730.0

      330.1 730.0

      330.2 730.0

      330.2 730.0

      330.3 730.0

      330.6 730.0

      323.7 730.0

      323.8 730.0

      323.8 730.0

      323.9 730.0

      323.8 730.0

      324.6 730.0

      323.8 730.0

      323.8 730.0

      323.8 730.0

      323.8 730.0

      323.7 730.0

      323.8 730.0

      323.7 730.0

      323.8 730.0

      323.8 730.0

      323.7 730.0

      323.7 730.0

      324.0 730.0

      324.2 730.0

      323.8 730.0

      323.8 730.0

      323.8 730.0

      323.9 730.0

      323.7 730.0

      323.9 730.0

      324.2 730.0

      323.9 730.0

      324.3 730.0

      324.3 730.0

      323.9 730.0

      323.9 730.0

      324.0 730.0

      323.8 730.0

      323.9 730.0

      323.9 730.0

      323.9 730.0

      323.8 730.0

      323.9 730.0

      323.4 730.0

      323.4 730.0

      323.5 730.0

      323.9 730.0

      323.8 730.0

      323.5 730.0

      323.3 730.0

      323.5 730.0

      323.3 730.0

      323.3 730.0

      312.5 730.0

      312.5 730.0

      312.5 730.0

      312.5 730.0

      313.0 730.0

      312.5 730.0

      312.5 730.0

      313.0 730.0

      312.7 730.0

      312.5 730.0

      311.2 730.0

      311.4 730.0

      311.8 730.0

      311.7 730.0

      311.7 730.0

      311.2 730.0

      311.2 730.0

      311.4 730.0

      311.2 730.0

      311.2 730.0

      311.4 730.0

      311.6 730.0

      311.2 730.0

      311.2 730.0

      311.3 730.0

      311.2 730.0

      311.2 730.0

      311.2 730.0

      311.2 730.0

      311.2 730.0

      310.4 730.0

      310.2 730.0

      310.4 730.0

      310.3 730.0

      310.9 730.0

      310.3 730.0

      310.4 730.0

      314.0 730.0

      314.0 730.0

      314.4 730.0

      313.9 730.0

      313.9 730.0

      313.9 730.0

      313.9 730.0

      314.0 730.0

      314.0 730.0

      314.0 730.0

      314.6 730.0

      314.5 730.0

      314.6 730.0

      313.9 730.0

      313.9 730.0

      313.9 730.0

      313.9 730.0

      314.0 730.0

      313.9 730.0

      314.2 730.0

      314.7 730.0

      313.9 730.0

      313.9 730.0

      313.9 730.0

      313.9 730.0

      313.9 730.0

      313.9 730.0

      313.9 730.0

      313.9 730.0

      313.9 730.0

      313.9 730.0

      313.9 730.0

      313.9 730.0

      314.0 730.0

      314.0 730.0

      314.0 730.0

      314.0 730.0

      313.9 730.0

      314.0 730.0

      314.0 730.0

      314.0 730.0

      314.0 730.0

      314.0 730.0

      313.9 730.0

      314.0 730.0

      314.0 730.0

      314.0 730.0

      314.0 730.0

      314.0 730.0

      314.0 730.0

      314.0 730.0

      314.0 730.0

      314.0 730.0

      314.0 730.0

      314.0 730.0

      313.9 730.0

      314.0 730.0

      314.0 730.0

      313.7 730.0

      313.7 730.0

      313.7 730.0

      313.7 730.0

      313.7 730.0

      313.7 730.0

      313.8 730.0

      313.8 730.0

      313.8 730.0

      313.6 730.0

      314.2 730.0

      313.6 730.0

      312.2 730.0

      312.2 730.0

      312.2 730.0

      312.6 730.0

      312.3 730.0

      312.1 730.0

      312.2 730.0

      312.2 730.0

      312.2 730.0

      312.2 730.0

      312.1 730.0

      312.2 730.0

      312.2 730.0

      312.3 730.0

      312.2 730.0

      312.3 730.0

      312.3 730.0

      312.1 730.0

      312.4 730.0

      311.9 730.2

      299.1 731.0

      299.7 731.0

      299.7 731.0

      299.7 731.0

      299.7 731.0

      299.7 731.0

      299.7 731.0

      299.7 731.0

      299.7 731.0

      299.7 731.0

      299.7 731.0

      299.7 731.0

      299.7 731.0

      299.7 731.0

      299.7 731.0

      299.7 731.0

      299.7 731.0

      299.7 731.0

      299.7 731.0

      299.7 731.0

      299.7 731.0

      299.6 731.0

      299.7 731.0

      299.7 731.0

      299.7 731.0

      299.6 731.0

      299.7 731.0

      299.7 731.0

      299.7 731.0

      299.7 731.0

      299.7 731.0

      299.7 731.0

      299.7 731.0

      299.7 731.0

      299.7 731.0

      300.2 731.0

      299.7 731.0

      297.1 731.5

      296.7 731.5

      296.8 731.5

      296.8 731.5

      294.9 732.0

      283.6 732.5

      283.8 732.5

      283.9 732.5

      283.8 732.5

      283.8 732.5

      283.8 732.5

      283.8 732.5

      283.8 732.5

      283.8 732.5

      283.8 732.5

      283.8 732.5

      283.8 732.5

      283.8 732.5

      283.8 732.5

      283.8 732.5

      283.7 732.5

      283.8 732.5

      283.7 732.5

      283.8 732.5

      283.8 732.5

      281.3 732.5

      281.2 732.5

      281.2 732.5

      281.3 732.5

      281.2 732.5

      281.2 732.5

      281.2 732.5

      281.2 732.5

      281.2 732.5

      281.2 732.5

